id,price_doc
30474,5834138.0
30475,6898727.0
30476,5785906.0
30477,6480811.5
30478,4141654.0
30479,6739237.5
30480,3574524.75
30481,3949386.5
30482,5366736.5
30483,4233405.5
30484,4619482.5
30485,4151305.0
30486,3642672.75
30487,4605551.5
30488,5534927.0
30489,5720221.0
30490,15611158.0
30491,14747962.0
30492,6795700.5
30493,13380222.0
30494,5407130.0
30495,10017342.0
30496,6899981.5
30497,7051319.0
30498,4112073.0
30499,9494170.0
30500,10022562.0
30501,7089524.0
30502,2872335.5
30503,6792834.5
30504,5676753.5
30505,9870702.0
30506,3782136.5
30507,4091998.0
30508,4936650.5
30509,7756053.0
30510,7457337.5
30511,6281236.5
30512,6188718.0
30513,3572652.0
30514,2302465.0
30515,7703215.0
30516,5194464.5
30517,10618292.0
30518,4642082.0
30519,4677799.5
30520,5384916.5
30521,6325156.0
30522,6485917.0
30523,6299707.5
30524,9237808.0
30525,9629020.0
30526,3797625.0
30527,4820313.0
30528,6830615.0
30529,6309782.0
30530,6197103.0
30531,13339498.0
30532,4421134.5
30533,9857448.0
30534,6936986.5
30535,7594845.0
30536,5609336.0
30537,10655756.0
30538,5117688.5
30539,4604369.0
30540,8200611.5
30541,7329176.0
30542,3305036.5
30543,5340772.5
30544,6749736.0
30545,7510310.5
30546,3902666.75
30547,7925042.5
30548,4170246.25
30549,4471317.5
30550,11237908.0
30551,4478575.0
30552,2742384.0
30553,7310926.0
30554,10517424.0
30555,5418318.5
30556,6624830.5
30557,7186617.5
30558,9031856.0
30559,5616156.0
30560,5375028.5
30561,7227243.5
30562,9218020.0
30563,3583119.25
30564,7424532.5
30565,8179255.5
30566,7639041.5
30567,2842287.0
30568,9636580.0
30569,9490978.0
30570,6516625.5
30571,6241456.5
30572,4007440.0
30573,4915447.5
30574,6609212.5
30575,6628204.5
30576,5718404.5
30577,5408234.5
30578,3237073.25
30579,7433665.5
30580,5132397.5
30581,5507562.5
30582,12249868.0
30583,6188777.5
30584,4933943.0
30585,3437064.75
30586,8737196.0
30587,5617845.0
30588,7575693.5
30589,7753874.0
30590,12109720.0
30591,5546756.0
30592,7322974.5
30593,1874806.875
30594,2203298.5
30595,4907726.5
30596,5370896.0
30597,4891609.0
30598,7655166.5
30599,9403820.0
30600,3312556.0
30601,6307809.0
30602,2699349.25
30603,10076842.0
30604,4711008.5
30605,5248186.0
30606,24100860.0
30607,6707146.0
30608,8345690.5
30609,5749984.5
30610,2995305.0
30611,4751852.5
30612,6951147.0
30613,8816830.0
30614,11303326.0
30615,7942153.5
30616,4885777.5
30617,7983438.5
30618,5577243.0
30619,3988110.75
30620,2760542.75
30621,7743319.5
30622,8106856.5
30623,6192458.5
30624,5569139.0
30625,6572531.0
30626,6636031.0
30627,7427223.5
30628,4816264.0
30629,5134920.5
30630,3473325.25
30631,5140901.0
30632,3822611.25
30633,6231417.5
30634,11522686.0
30635,7736424.5
30636,5671147.0
30637,7759540.0
30638,5708963.5
30639,6918304.0
30640,4033185.0
30641,6500869.5
30642,6039909.0
30643,8529488.0
30644,7655166.5
30645,7550534.5
30646,5659115.0
30647,4396849.5
30648,14354882.0
30649,2525162.0
30650,4912949.0
30651,3802878.0
30652,4747575.0
30653,5873900.5
30654,3876453.25
30655,10056122.0
30656,3802918.25
30657,5925385.0
30658,6693968.0
30659,3854077.5
30660,8500570.0
30661,5007945.0
30662,7229049.0
30663,22557066.0
30664,10470548.0
30665,5538727.0
30666,3359654.5
30667,4318143.0
30668,7663193.0
30669,4483809.0
30670,2830697.5
30671,7209603.0
30672,12048978.0
30673,8526604.0
30674,12157986.0
30675,3305036.5
30676,7356424.0
30677,3906006.5
30678,14012354.0
30679,6415761.0
30680,3506427.75
30681,3179735.5
30682,7997127.0
30683,7843109.5
30684,5012750.0
30685,7266131.5
30686,7538716.0
30687,3975427.25
30688,3806761.0
30689,12465998.0
30690,15337968.0
30691,4711980.0
30692,5944883.5
30693,10836754.0
30694,5018735.0
30695,6541333.0
30696,6417289.0
30697,10660516.0
30698,7872012.5
30699,5679171.0
30700,4280374.0
30701,7652769.0
30702,6414705.0
30703,3465446.25
30704,8616128.0
30705,8165284.0
30706,16597830.0
30707,2651732.75
30708,12979642.0
30709,4395874.5
30710,7923994.0
30711,4318601.5
30712,3681272.0
30713,5979408.0
30714,6913116.0
30715,3529452.75
30716,7821346.5
30717,6000034.5
30718,9075014.0
30719,10617522.0
30720,7287916.0
30721,4532321.0
30722,7862098.5
30723,6530115.5
30724,9477974.0
30725,7256266.0
30726,10554312.0
30727,7916605.0
30728,10080638.0
30729,1419369.75
30730,6125112.5
30731,5382895.5
30732,5097280.0
30733,10459862.0
30734,4962144.5
30735,5204968.0
30736,2206729.5
30737,6414659.0
30738,5669234.5
30739,2264833.0
30740,5894240.0
30741,8375279.5
30742,3524069.75
30743,3972305.75
30744,8919642.0
30745,7760851.0
30746,5305904.0
30747,14521388.0
30748,14807228.0
30749,4905284.0
30750,5701281.5
30751,4039543.75
30752,6297460.5
30753,7469301.5
30754,5612148.0
30755,4882254.0
30756,2844748.75
30757,5649375.0
30758,10046368.0
30759,6181529.0
30760,3117583.75
30761,8303003.5
30762,6042888.0
30763,9434542.0
30764,4631840.5
30765,5853281.0
30766,4111568.25
30767,7967701.0
30768,4600432.0
30769,7477535.0
30770,5556337.0
30771,2759255.0
30772,8884226.0
30773,7514729.5
30774,4885213.0
30775,10342942.0
30776,5801045.5
30777,5627267.5
30778,8760274.0
30779,6842513.5
30780,7339572.0
30781,4960088.5
30782,6682194.0
30783,4824486.5
30784,3484519.0
30785,5252104.5
30786,3801525.75
30787,5304239.0
30788,5307089.0
30789,7658193.0
30790,6555258.0
30791,8862746.0
30792,4996478.0
30793,7804743.0
30794,14102334.0
30795,10446270.0
30796,11278460.0
30797,10714712.0
30798,2361784.0
30799,10305222.0
30800,14315682.0
30801,5246710.0
30802,19096150.0
30803,3476422.25
30804,3779139.0
30805,12953360.0
30806,4987233.5
30807,6438722.0
30808,8233081.5
30809,4836208.0
30810,10116702.0
30811,3949668.75
30812,5625002.5
30813,5353418.5
30814,2320844.0
30815,4712628.0
30816,8903132.0
30817,2655468.75
30818,7488038.0
30819,7068360.0
30820,5947468.5
30821,23128420.0
30822,7812227.0
30823,6345328.0
30824,3449934.25
30825,4471784.5
30826,8872682.0
30827,4662497.0
30828,5920838.5
30829,5517722.0
30830,8148318.0
30831,5120018.0
30832,6052823.5
30833,5033371.0
30834,3841991.0
30835,7997114.0
30836,5120821.0
30837,4321019.5
30838,5100984.5
30839,5797929.0
30840,10550024.0
30841,9696692.0
30842,6969139.5
30843,5612010.5
30844,2799882.75
30845,8657936.0
30846,3598287.0
30847,6232706.5
30848,7482536.0
30849,3796495.25
30850,3646888.5
30851,4737198.5
30852,8529356.0
30853,3779212.25
30854,6291239.0
30855,5890042.0
30856,8691110.0
30857,2767635.0
30858,3616825.5
30859,5314202.0
30860,5803325.0
30861,6249448.0
30862,6840447.5
30863,4033673.0
30864,5994140.5
30865,7419067.5
30866,6472171.5
30867,5669915.0
30868,8566818.0
30869,4949722.5
30870,5979867.0
30871,6847391.0
30872,4512200.0
30873,3691996.25
30874,6122721.5
30875,6661279.5
30876,3852850.0
30877,9517490.0
30878,4996553.0
30879,7931171.0
30880,5344902.5
30881,2702853.25
30882,7397134.0
30883,3722827.75
30884,5002511.0
30885,5546731.5
30886,6081706.0
30887,6114787.0
30888,3003196.25
30889,5867602.5
30890,7331381.0
30891,3870195.5
30892,3932461.25
30893,3593386.25
30894,5718307.0
30895,3875302.25
30896,5440207.0
30897,8382282.5
30898,5849595.0
30899,4760889.5
30900,4103169.75
30901,6359341.5
30902,2959447.5
30903,4358189.0
30904,7878463.0
30905,4978354.0
30906,8254273.0
30907,12152468.0
30908,3855062.0
30909,10854384.0
30910,6201002.0
30911,5146017.5
30912,5999046.5
30913,18929176.0
30914,5633160.5
30915,7432217.0
30916,5078921.5
30917,9180506.0
30918,6293984.0
30919,3727964.5
30920,5600451.0
30921,2222366.0
30922,5973230.5
30923,3628244.5
30924,3613682.0
30925,13852858.0
30926,6136132.5
30927,7858328.0
30928,5038595.0
30929,3751320.5
30930,10011646.0
30931,8661292.0
30932,5035930.5
30933,4038002.5
30934,12030638.0
30935,5785856.0
30936,4931337.5
30937,7846407.0
30938,3135793.75
30939,9556244.0
30940,4826849.0
30941,6314436.5
30942,3753294.5
30943,5704539.0
30944,4481740.0
30945,4552267.0
30946,12965466.0
30947,4886793.5
30948,8260689.0
30949,5240222.5
30950,6271565.0
30951,11901004.0
30952,6483236.0
30953,9204728.0
30954,4030926.0
30955,5682788.0
30956,5607523.5
30957,5903218.0
30958,25083472.0
30959,8500560.0
30960,7444690.0
30961,10386028.0
30962,8867500.0
30963,3690751.0
30964,4650031.0
30965,6040855.0
30966,12639784.0
30967,10836820.0
30968,3909608.0
30969,2631693.25
30970,4728905.0
30971,8725030.0
30972,3580707.0
30973,5104130.0
30974,4005063.0
30975,8022622.0
30976,4296972.5
30977,5161860.5
30978,8299109.5
30979,3740525.75
30980,5625274.5
30981,5581139.0
30982,5482544.5
30983,3715450.0
30984,5252758.5
30985,3293558.75
30986,7978783.0
30987,9744152.0
30988,6289791.5
30989,7739498.5
30990,12283236.0
30991,7556776.5
30992,2642805.0
30993,7413822.5
30994,4754178.0
30995,6456207.5
30996,5334897.0
30997,5543947.5
30998,6501007.0
30999,9173530.0
31000,8502292.0
31001,5395731.5
31002,9593314.0
31003,9592874.0
31004,3869229.25
31005,2828283.0
31006,6985388.0
31007,5282051.0
31008,4507008.5
31009,6583824.0
31010,6435002.5
31011,3764178.0
31012,5414231.5
31013,6843381.0
31014,14695078.0
31015,7501637.5
31016,3661725.75
31017,7524126.5
31018,5857791.5
31019,5215422.5
31020,5580169.5
31021,9692554.0
31022,14548634.0
31023,7829813.5
31024,4708417.5
31025,4839000.5
31026,6330371.5
31027,4042735.75
31028,5375466.0
31029,11364630.0
31030,5352222.0
31031,7688829.0
31032,8258347.0
31033,7378014.0
31034,6417921.0
31035,7575560.5
31036,6899805.0
31037,23182468.0
31038,3787191.75
31039,5806683.5
31040,4114787.25
31041,3790048.25
31042,2829900.5
31043,6250501.5
31044,7689449.5
31045,6396853.0
31046,12634998.0
31047,9089306.0
31048,5916440.0
31049,6906689.0
31050,6567993.5
31051,5384286.5
31052,3642545.75
31053,13821898.0
31054,5584861.0
31055,5938395.0
31056,10033690.0
31057,4704165.5
31058,6666833.5
31059,3183233.75
31060,6039689.5
31061,5858589.5
31062,4990765.5
31063,3617946.0
31064,4184237.5
31065,11138538.0
31066,3638609.25
31067,9219062.0
31068,3885243.75
31069,4123353.0
31070,4578307.0
31071,3640916.75
31072,9063586.0
31073,2702853.25
31074,6301190.5
31075,5413866.0
31076,6497992.0
31077,5327130.0
31078,3887943.75
31079,4887680.5
31080,5081018.0
31081,3146672.75
31082,11031958.0
31083,4831169.5
31084,7523172.5
31085,9247326.0
31086,3350457.25
31087,5230120.5
31088,7543215.0
31089,6180266.5
31090,21769966.0
31091,2890223.0
31092,6264407.0
31093,5542030.0
31094,6669804.0
31095,4945358.0
31096,17793042.0
31097,11230766.0
31098,8974248.0
31099,16457866.0
31100,5613507.5
31101,4814403.0
31102,6115263.0
31103,10184532.0
31104,5366880.0
31105,8456400.0
31106,3921357.75
31107,12631874.0
31108,6227043.0
31109,5345071.5
31110,7374195.0
31111,10238196.0
31112,5297351.5
31113,3224158.0
31114,4880793.5
31115,5321178.0
31116,6034304.5
31117,6205405.5
31118,3999663.75
31119,3674682.0
31120,4923527.5
31121,5014371.5
31122,7026284.5
31123,4523968.0
31124,5811134.0
31125,8112507.0
31126,13651360.0
31127,4815662.5
31128,5823520.0
31129,5342743.0
31130,12726506.0
31131,9192678.0
31132,7503050.0
31133,9960276.0
31134,6311355.5
31135,8815756.0
31136,9876334.0
31137,4329602.0
31138,6043743.0
31139,3622980.5
31140,9063622.0
31141,7501989.5
31142,7691772.5
31143,4413109.5
31144,3538448.25
31145,5870487.5
31146,5945392.5
31147,11810278.0
31148,5796850.0
31149,2864242.75
31150,7509162.5
31151,5651113.0
31152,7213596.0
31153,5172050.0
31154,16316156.0
31155,6459463.0
31156,10522378.0
31157,3158505.5
31158,8528306.0
31159,5236323.0
31160,5528356.0
31161,3641283.5
31162,4282655.5
31163,5839702.0
31164,5272795.0
31165,4743613.0
31166,5045374.0
31167,6349133.5
31168,10372212.0
31169,9013860.0
31170,5221880.5
31171,10292502.0
31172,5456066.0
31173,9535254.0
31174,8478062.0
31175,15707046.0
31176,4538853.5
31177,7100051.0
31178,3868295.0
31179,4469389.0
31180,3699402.0
31181,6599091.5
31182,5343770.5
31183,6847673.5
31184,4765879.5
31185,3854104.0
31186,8159014.0
31187,3223378.25
31188,4596736.5
31189,4070518.0
31190,7554532.5
31191,12313678.0
31192,3044261.0
31193,4288036.5
31194,9242498.0
31195,8517378.0
31196,5136655.5
31197,12425012.0
31198,6060992.5
31199,4995042.5
31200,9047474.0
31201,3821810.0
31202,3189098.25
31203,5578878.0
31204,3281139.75
31205,8183575.5
31206,5906953.0
31207,3739068.5
31208,6200771.0
31209,3812614.75
31210,4772293.5
31211,7713371.0
31212,4001300.5
31213,10334524.0
31214,5036248.0
31215,4442799.0
31216,5252758.5
31217,5474906.5
31218,6712269.0
31219,3790819.5
31220,6084412.0
31221,3910537.0
31222,6848887.5
31223,7695820.0
31224,7201977.0
31225,8323913.0
31226,5491043.0
31227,7513123.0
31228,11435194.0
31229,3442797.0
31230,3584853.0
31231,3588342.75
31232,4959306.5
31233,4864791.5
31234,5685961.0
31235,5053039.5
31236,6206700.5
31237,10652784.0
31238,5089080.5
31239,11771490.0
31240,6121544.5
31241,4755476.5
31242,5834988.5
31243,4091672.5
31244,6069275.5
31245,7948913.0
31246,10403400.0
31247,5185101.0
31248,7538708.5
31249,7852320.0
31250,4847725.0
31251,6226456.0
31252,5363606.5
31253,8748004.0
31254,6875882.0
31255,11380938.0
31256,6454203.5
31257,4775803.5
31258,9521042.0
31259,8562072.0
31260,8009533.0
31261,12573248.0
31262,4978354.0
31263,5535601.0
31264,3686642.75
31265,12056582.0
31266,8419846.0
31267,3895760.5
31268,3680452.0
31269,8665250.0
31270,3632860.25
31271,4541994.0
31272,16192712.0
31273,7420805.5
31274,5705471.0
31275,4705077.5
31276,5531988.0
31277,4712043.5
31278,10727230.0
31279,12242676.0
31280,7617647.0
31281,6101053.5
31282,9373170.0
31283,5294102.5
31284,5065764.5
31285,4591377.5
31286,7367172.5
31287,7881618.5
31288,3964439.75
31289,9631710.0
31290,4626181.5
31291,6201742.0
31292,3633624.25
31293,6055269.5
31294,3576878.5
31295,13418728.0
31296,7856638.5
31297,6294759.5
31298,3485096.75
31299,7735936.0
31300,7035787.0
31301,5685371.5
31302,6217474.5
31303,7821329.5
31304,5499882.0
31305,10363032.0
31306,2999659.75
31307,5689773.0
31308,7917620.0
31309,8183798.0
31310,43366232.0
31311,5424253.0
31312,5460760.5
31313,14685932.0
31314,4893461.5
31315,7807863.0
31316,9960898.0
31317,15371770.0
31318,7026457.5
31319,4980543.0
31320,6268981.5
31321,6438434.5
31322,6990225.0
31323,7655555.0
31324,7509255.0
31325,5926926.5
31326,5514782.0
31327,7500774.5
31328,10259916.0
31329,4989935.5
31330,8781624.0
31331,6602939.5
31332,5303009.5
31333,4871950.5
31334,3717213.75
31335,4808136.0
31336,8448280.0
31337,6350920.0
31338,3642194.0
31339,4674122.0
31340,6267117.5
31341,7738488.5
31342,5748154.5
31343,3975136.25
31344,3396009.75
31345,4736010.0
31346,3740849.25
31347,7280047.0
31348,11511464.0
31349,10706152.0
31350,3137234.75
31351,4971158.0
31352,9533694.0
31353,5284280.0
31354,6950196.5
31355,7569268.0
31356,3583379.0
31357,4375528.5
31358,2466660.5
31359,5556681.0
31360,9183202.0
31361,4483517.0
31362,7950412.5
31363,5538583.0
31364,4455163.0
31365,3663868.25
31366,7339207.0
31367,9060520.0
31368,6092877.0
31369,4434938.0
31370,9037076.0
31371,7679359.5
31372,6189002.0
31373,5084550.0
31374,5173452.0
31375,5531314.5
31376,4996358.5
31377,10177332.0
31378,6009470.5
31379,22972334.0
31380,3821412.0
31381,10006668.0
31382,5454080.0
31383,7927747.0
31384,19055888.0
31385,9643646.0
31386,6950388.5
31387,12597752.0
31388,4651433.0
31389,3878006.5
31390,7573367.5
31391,5163296.5
31392,14203544.0
31393,8284968.5
31394,5722721.5
31395,4826341.5
31396,9680560.0
31397,5659388.5
31398,1769424.125
31399,11613222.0
31400,3663575.0
31401,10976604.0
31402,10247916.0
31403,4139081.75
31404,4645847.5
31405,3231361.25
31406,4998880.0
31407,3592796.5
31408,5334700.5
31409,4840789.0
31410,11828450.0
31411,6654376.0
31412,10003354.0
31413,8044215.0
31414,5215462.5
31415,11037066.0
31416,6299918.5
31417,4544417.5
31418,7957123.5
31419,9604892.0
31420,7055118.5
31421,6422775.0
31422,6506668.5
31423,5509349.5
31424,13880032.0
31425,5905670.5
31426,4361698.0
31427,4964548.0
31428,8190237.5
31429,14389080.0
31430,4695676.5
31431,5196439.5
31432,4251796.0
31433,6341748.0
31434,3832127.25
31435,11024594.0
31436,7798345.5
31437,10331934.0
31438,9840954.0
31439,7648287.0
31440,6326356.5
31441,6270930.0
31442,7237302.0
31443,12347450.0
31444,7190586.5
31445,9516356.0
31446,11923188.0
31447,5671665.5
31448,9726976.0
31449,7454124.5
31450,6263646.5
31451,7675162.5
31452,10140854.0
31453,2820321.75
31454,5874991.5
31455,8090549.5
31456,4183193.5
31457,5711588.5
31458,14869520.0
31459,7727251.0
31460,4145303.75
31461,4337762.0
31462,3334338.75
31463,5130031.0
31464,6344959.0
31465,5773434.0
31466,31330112.0
31467,3683662.5
31468,13785210.0
31469,4018033.75
31470,5403044.5
31471,11050574.0
31472,2527982.0
31473,8384111.0
31474,2135821.75
31475,5415833.0
31476,18545044.0
31477,6608472.5
31478,5002961.5
31479,6161394.0
31480,10183826.0
31481,8722994.0
31482,10010920.0
31483,9991272.0
31484,5520146.5
31485,2861509.0
31486,2822297.25
31487,4823423.5
31488,11962940.0
31489,6946138.0
31490,3424029.0
31491,6373577.5
31492,7115183.5
31493,8077981.5
31494,5666922.5
31495,5608275.5
31496,7795107.5
31497,4911287.0
31498,5668426.0
31499,11144056.0
31500,10243490.0
31501,7793886.5
31502,9125148.0
31503,4984776.5
31504,9841502.0
31505,14555142.0
31506,7204577.0
31507,6441593.0
31508,5696297.0
31509,4955242.5
31510,6165759.5
31511,4372634.5
31512,5189273.5
31513,20070470.0
31514,17739966.0
31515,2622922.75
31516,15137820.0
31517,5458654.0
31518,8639492.0
31519,6070894.5
31520,6611298.0
31521,4989235.0
31522,3974129.75
31523,7108763.0
31524,7515713.5
31525,9812108.0
31526,5368169.0
31527,8195187.0
31528,4818706.5
31529,5817015.0
31530,5686082.5
31531,9081950.0
31532,4946131.0
31533,11947474.0
31534,7919294.0
31535,9838590.0
31536,8229447.0
31537,3547070.5
31538,4726120.5
31539,3486551.25
31540,7548754.5
31541,3117978.5
31542,4984386.0
31543,3635889.0
31544,4069317.25
31545,7685273.0
31546,11974330.0
31547,6214184.5
31548,5576892.5
31549,4886848.0
31550,5375077.0
31551,5704589.0
31552,6874703.0
31553,6564452.0
31554,7702989.0
31555,3721777.75
31556,5674349.5
31557,5935205.5
31558,7933041.0
31559,2679151.75
31560,6132891.5
31561,6619781.5
31562,18172994.0
31563,3895598.0
31564,6559224.0
31565,6907743.0
31566,5966495.0
31567,11437344.0
31568,6647519.5
31569,5698535.5
31570,6203473.0
31571,5886551.0
31572,3722940.25
31573,5622955.0
31574,9368322.0
31575,4882685.5
31576,9201206.0
31577,4788535.0
31578,7032003.5
31579,4983059.0
31580,7360911.0
31581,5702012.0
31582,6697958.5
31583,8948218.0
31584,4125723.5
31585,5093377.0
31586,9788170.0
31587,12617602.0
31588,9359350.0
31589,3271464.0
31590,6936521.5
31591,8115193.0
31592,7691335.0
31593,8452276.0
31594,6557516.5
31595,5836824.5
31596,3448851.5
31597,5757072.0
31598,3413293.75
31599,8385653.0
31600,7452249.5
31601,13969296.0
31602,4817306.5
31603,14769604.0
31604,2933881.5
31605,4145303.75
31606,5389632.0
31607,7215930.5
31608,4744163.5
31609,5402948.5
31610,7576199.0
31611,4939956.0
31612,5857097.5
31613,4500057.5
31614,11625344.0
31615,7979747.5
31616,10652056.0
31617,4225125.0
31618,6806928.5
31619,9688130.0
31620,3625550.25
31621,6267718.5
31622,25937760.0
31623,9110428.0
31624,4648216.0
31625,9350314.0
31626,5630431.0
31627,6525221.5
31628,9697522.0
31629,11378492.0
31630,3500339.25
31631,4373253.5
31632,15392972.0
31633,5042070.0
31634,10344956.0
31635,9938086.0
31636,5263910.0
31637,5212526.5
31638,6103985.0
31639,3931601.75
31640,10867610.0
31641,3850653.5
31642,3123795.5
31643,6870245.0
31644,10154076.0
31645,4197228.0
31646,8849730.0
31647,5815026.0
31648,9389834.0
31649,5634781.0
31650,5953655.0
31651,13121774.0
31652,4563485.5
31653,4874874.0
31654,5634777.5
31655,4931167.5
31656,18748772.0
31657,6863216.5
31658,3611616.25
31659,7043633.5
31660,5518484.0
31661,5833980.0
31662,5928877.0
31663,3799457.0
31664,4024655.5
31665,3853880.0
31666,5174541.5
31667,6120733.5
31668,6328198.5
31669,12821558.0
31670,5596607.0
31671,6515450.5
31672,8300984.0
31673,9043250.0
31674,9351296.0
31675,8088442.5
31676,7097318.0
31677,4658156.0
31678,5226165.5
31679,8343531.5
31680,5583043.0
31681,4697582.0
31682,3294740.75
31683,4980871.0
31684,4777205.5
31685,3618948.0
31686,10645872.0
31687,10134186.0
31688,8386271.0
31689,3651873.0
31690,5420271.0
31691,3704106.0
31692,1984396.0
31693,6005640.5
31694,4309522.0
31695,6225412.0
31696,3697849.75
31697,4505298.5
31698,3711751.0
31699,6042883.0
31700,5562379.5
31701,8285963.5
31702,6403364.0
31703,8788814.0
31704,5493559.5
31705,10301962.0
31706,5757159.0
31707,9045936.0
31708,7827874.0
31709,4669457.5
31710,9729032.0
31711,7175549.0
31712,8273186.0
31713,4877572.0
31714,4624672.5
31715,4480623.0
31716,5888822.5
31717,7238599.0
31718,3849108.75
31719,6982089.0
31720,7034458.5
31721,4188375.75
31722,6878309.0
31723,5815300.5
31724,6035252.0
31725,4178438.0
31726,13412486.0
31727,6380710.5
31728,4008480.25
31729,7328530.5
31730,3370961.75
31731,5910870.5
31732,7460026.5
31733,4699195.5
31734,3536920.5
31735,2775276.5
31736,7048792.5
31737,5105125.5
31738,4819074.0
31739,5560526.5
31740,7597854.5
31741,5879367.5
31742,9530448.0
31743,6138177.5
31744,4625619.0
31745,3118960.5
31746,9261714.0
31747,3918719.5
31748,12750660.0
31749,5125736.5
31750,8509356.0
31751,7159321.0
31752,3769176.5
31753,3924497.5
31754,10315458.0
31755,14624826.0
31756,2877401.5
31757,6030790.5
31758,6045745.5
31759,4742589.0
31760,5153074.0
31761,14173070.0
31762,2614547.0
31763,9853836.0
31764,4742649.0
31765,3657361.75
31766,9021460.0
31767,3689194.5
31768,5436507.5
31769,9405344.0
31770,3428589.75
31771,3753197.25
31772,8415124.0
31773,5177239.0
31774,5736190.0
31775,11086230.0
31776,2859232.0
31777,4562128.5
31778,8926922.0
31779,7353519.5
31780,6111979.0
31781,7493590.0
31782,5924182.5
31783,3603630.75
31784,5256020.5
31785,6478850.5
31786,4120187.5
31787,5219451.5
31788,5604897.5
31789,5000338.5
31790,3635269.25
31791,6913221.0
31792,5635845.5
31793,7248428.5
31794,5792540.5
31795,6255246.0
31796,4761736.5
31797,14796094.0
31798,6731707.0
31799,2296036.5
31800,6048362.0
31801,3857011.5
31802,7200851.0
31803,7468349.5
31804,4979714.5
31805,3659217.0
31806,7366696.0
31807,6186155.0
31808,8042552.0
31809,7396775.0
31810,3546034.0
31811,7633383.0
31812,6907273.0
31813,4950386.0
31814,5844630.5
31815,5289498.5
31816,4959693.5
31817,3710233.0
31818,6399920.5
31819,5421768.5
31820,9449260.0
31821,13623470.0
31822,5817263.5
31823,4479437.5
31824,4794451.0
31825,4126751.75
31826,6438831.0
31827,7475565.0
31828,5908081.5
31829,8484074.0
31830,6126372.5
31831,4263143.0
31832,11541054.0
31833,8143598.5
31834,6255084.5
31835,3803726.0
31836,6727627.5
31837,2958404.0
31838,8444850.0
31839,4160361.25
31840,9318436.0
31841,4480800.0
31842,6964505.5
31843,3618948.0
31844,5305392.0
31845,8715798.0
31846,4107142.0
31847,4926530.5
31848,5245057.0
31849,7981400.0
31850,4894279.5
31851,9441480.0
31852,4309522.0
31853,7551152.0
31854,4755791.0
31855,5132796.0
31856,6107134.5
31857,10168084.0
31858,9517916.0
31859,20706822.0
31860,6030858.5
31861,13209688.0
31862,5696566.5
31863,7764025.0
31864,2781342.75
31865,5879426.0
31866,3031601.5
31867,7842012.5
31868,5859065.0
31869,9660226.0
31870,3063353.75
31871,3921198.25
31872,8514734.0
31873,4882088.5
31874,4473709.0
31875,5156726.0
31876,4679809.0
31877,21186154.0
31878,2768918.0
31879,8879714.0
31880,9925638.0
31881,3658704.5
31882,14077698.0
31883,4539018.0
31884,5411136.0
31885,6162482.5
31886,7956333.0
31887,10182918.0
31888,4063113.25
31889,10599634.0
31890,4446536.5
31891,4352617.5
31892,3657686.75
31893,14120784.0
31894,10640792.0
31895,3456722.0
31896,3553148.25
31897,3579755.25
31898,4124136.0
31899,3800553.0
31900,6357961.0
31901,6454776.0
31902,4693073.0
31903,5416698.0
31904,3593040.0
31905,6059939.0
31906,3552563.5
31907,3852560.0
31908,3606848.25
31909,7479613.5
31910,3873749.0
31911,3614711.5
31912,4492752.0
31913,7028801.0
31914,6156516.5
31915,7025717.5
31916,3940282.75
31917,5138933.5
31918,3371910.0
31919,5672200.5
31920,3903013.0
31921,3954206.5
31922,4525159.0
31923,12534518.0
31924,13640656.0
31925,6238944.0
31926,7666341.5
31927,8904286.0
31928,4875403.0
31929,13782380.0
31930,5346858.0
31931,6432947.0
31932,8672114.0
31933,6574023.5
31934,4356330.5
31935,5546920.0
31936,4665505.0
31937,5912070.5
31938,4820804.0
31939,5873836.0
31940,7121455.5
31941,23923688.0
31942,6066745.0
31943,7812419.5
31944,1604662.25
31945,5682824.5
31946,10128560.0
31947,8428252.0
31948,5054439.5
31949,8094256.5
31950,11317380.0
31951,5029438.5
31952,5734996.0
31953,3446416.25
31954,8353295.5
31955,5305605.0
31956,9199604.0
31957,4400714.0
31958,3125532.5
31959,11263892.0
31960,5380205.0
31961,8079149.0
31962,5121788.5
31963,7085810.5
31964,4194158.25
31965,5635116.0
31966,12391614.0
31967,8403674.0
31968,6715418.0
31969,22305658.0
31970,6130280.0
31971,3638332.75
31972,5484697.0
31973,4498578.0
31974,6603764.0
31975,3630799.0
31976,3685794.0
31977,8822112.0
31978,5058724.5
31979,4234258.0
31980,3798785.25
31981,5966928.0
31982,7439093.0
31983,9911046.0
31984,8203080.0
31985,3896623.75
31986,3712390.5
31987,5555516.0
31988,8159108.5
31989,11239644.0
31990,4011405.75
31991,9584336.0
31992,4059862.75
31993,10618946.0
31994,6069973.0
31995,7121888.5
31996,11030166.0
31997,5664743.0
31998,3683317.5
31999,5635616.0
32000,4732243.0
32001,43326256.0
32002,19634498.0
32003,10178330.0
32004,5066543.0
32005,3860235.5
32006,11790060.0
32007,7829963.0
32008,6108140.5
32009,3870458.5
32010,7852064.0
32011,5334138.5
32012,2935595.75
32013,5040713.5
32014,6636272.0
32015,7066475.5
32016,5978967.5
32017,8872250.0
32018,8140913.5
32019,5560043.0
32020,4906979.0
32021,8815530.0
32022,6079754.5
32023,3819344.5
32024,5431864.5
32025,5884283.5
32026,4029321.5
32027,7799862.5
32028,4446378.0
32029,19142956.0
32030,3870637.75
32031,3663116.75
32032,9602232.0
32033,6415928.0
32034,3592700.75
32035,7935581.5
32036,5655879.0
32037,6720925.5
32038,6159333.0
32039,9053514.0
32040,12252020.0
32041,3281387.5
32042,4766748.5
32043,27822196.0
32044,4534386.5
32045,3547681.25
32046,8393078.0
32047,8714518.0
32048,15085106.0
32049,6574493.0
32050,10423546.0
32051,6440652.5
32052,4767783.5
32053,7175933.5
32054,6285446.5
32055,4610705.5
32056,10524820.0
32057,4351623.0
32058,3643850.25
32059,4893787.5
32060,6521398.0
32061,8013653.0
32062,5183701.5
32063,7057761.0
32064,9824662.0
32065,7091145.0
32066,6196885.0
32067,3795155.0
32068,3927242.5
32069,3835865.25
32070,13747788.0
32071,4593782.0
32072,4375716.0
32073,3623129.0
32074,5528177.0
32075,12086236.0
32076,18175220.0
32077,7146466.0
32078,3947637.5
32079,3939661.75
32080,4993323.5
32081,17075018.0
32082,6032936.0
32083,3330163.75
32084,5697824.5
32085,8758674.0
32086,10899154.0
32087,5228536.0
32088,15313936.0
32089,6685089.5
32090,10352898.0
32091,6233109.0
32092,5341901.0
32093,5446518.5
32094,7923522.0
32095,6408703.0
32096,1570203.0
32097,9104572.0
32098,6048346.0
32099,8743112.0
32100,7907998.0
32101,4692631.5
32102,3407771.25
32103,4186623.5
32104,5269434.5
32105,5642237.0
32106,5993297.0
32107,3854101.25
32108,3711442.25
32109,6690446.5
32110,3967989.25
32111,13849812.0
32112,14635458.0
32113,9039624.0
32114,9505642.0
32115,6844320.0
32116,6714225.0
32117,7517827.0
32118,5971251.5
32119,7610141.5
32120,10565646.0
32121,3204080.25
32122,9053820.0
32123,17979472.0
32124,7246153.5
32125,11459310.0
32126,8087407.5
32127,8092485.5
32128,4969488.0
32129,5796958.5
32130,3309178.75
32131,9243240.0
32132,2783816.0
32133,3696922.0
32134,3454486.5
32135,5885618.5
32136,11170356.0
32137,8664790.0
32138,4905726.0
32139,7341865.5
32140,6236356.0
32141,3266408.25
32142,4100001.25
32143,7858543.5
32144,4206830.0
32145,33113702.0
32146,5699066.5
32147,5711103.5
32148,4258801.0
32149,8826448.0
32150,4650306.0
32151,7686969.5
32152,3882510.75
32153,5511494.0
32154,4241731.5
32155,6811981.5
32156,4928066.0
32157,11022344.0
32158,9938460.0
32159,10766866.0
32160,7491076.0
32161,7455512.5
32162,7567753.5
32163,9408992.0
32164,13897260.0
32165,8017125.0
32166,7715345.0
32167,11782378.0
32168,10384780.0
32169,5557204.0
32170,11833708.0
32171,17382878.0
32172,8281520.5
32173,7026146.5
32174,6068792.5
32175,13978388.0
32176,5132885.0
32177,8794108.0
32178,6219354.0
32179,13454612.0
32180,7220045.5
32181,5372814.0
32182,6230556.5
32183,6037139.0
32184,11392736.0
32185,6579511.5
32186,8260412.5
32187,3708901.25
32188,5796590.0
32189,3536899.5
32190,3672245.75
32191,4424052.0
32192,11776062.0
32193,7670425.0
32194,3528752.0
32195,11696460.0
32196,12707648.0
32197,11161942.0
32198,4844432.0
32199,6834151.5
32200,10296270.0
32201,7267248.0
32202,3704394.5
32203,4099116.0
32204,7043430.5
32205,19226938.0
32206,7903202.0
32207,7938320.0
32208,6125934.0
32209,4907512.0
32210,6784309.5
32211,37544852.0
32212,5281345.0
32213,6853496.5
32214,3651590.25
32215,6494995.5
32216,5861024.0
32217,4536836.5
32218,5571613.0
32219,9526090.0
32220,3937871.25
32221,6287088.5
32222,5313213.0
32223,4562901.5
32224,5510330.5
32225,6439842.0
32226,6370319.5
32227,12383022.0
32228,10124626.0
32229,11463344.0
32230,4012257.75
32231,12387464.0
32232,3838788.75
32233,4673747.5
32234,12124036.0
32235,17184540.0
32236,6836934.5
32237,30545258.0
32238,5202829.5
32239,12444412.0
32240,6382820.0
32241,4399967.5
32242,5868450.0
32243,8380216.5
32244,4873146.0
32245,7957010.0
32246,6563313.0
32247,6272012.5
32248,9550258.0
32249,9757562.0
32250,7727247.5
32251,4804486.5
32252,4783286.0
32253,7366135.0
32254,22228842.0
32255,6002788.5
32256,5422828.0
32257,4043200.0
32258,6815977.0
32259,5716973.5
32260,10134752.0
32261,20913898.0
32262,7517827.0
32263,5793668.5
32264,5672739.5
32265,10584732.0
32266,13068636.0
32267,5149001.0
32268,4024525.75
32269,7131173.5
32270,10763502.0
32271,6385036.5
32272,3405349.0
32273,8401848.0
32274,4075195.0
32275,5544120.0
32276,7572837.5
32277,12837314.0
32278,7318842.5
32279,5238840.0
32280,5365891.5
32281,6188730.0
32282,9720872.0
32283,6075853.0
32284,3850109.5
32285,9970644.0
32286,11069442.0
32287,5020304.0
32288,5528933.5
32289,3636533.25
32290,5837339.0
32291,2950522.5
32292,7893071.0
32293,5179836.5
32294,10908208.0
32295,6986544.0
32296,8006407.0
32297,8971748.0
32298,10036750.0
32299,2984435.25
32300,7961128.5
32301,12843450.0
32302,8138301.0
32303,7193125.0
32304,4152077.75
32305,5743001.5
32306,6030114.0
32307,13546470.0
32308,5118719.0
32309,6491014.5
32310,5567317.5
32311,5825748.0
32312,3979596.75
32313,5873504.0
32314,6293134.0
32315,12106258.0
32316,4676427.0
32317,9792892.0
32318,8243893.0
32319,5129832.5
32320,7721937.5
32321,9602520.0
32322,4428990.5
32323,7297590.5
32324,7465927.5
32325,4407863.0
32326,6818294.5
32327,6021242.5
32328,8559198.0
32329,5382555.0
32330,5874729.5
32331,7147357.5
32332,8307288.5
32333,7653262.0
32334,5476448.5
32335,7380076.0
32336,8207259.5
32337,5712106.5
32338,4098324.75
32339,8698400.0
32340,6840106.5
32341,7552842.0
32342,5371818.5
32343,6014920.5
32344,3760256.25
32345,4879126.5
32346,6238762.5
32347,5391971.5
32348,6256504.5
32349,9043836.0
32350,9528576.0
32351,7031563.5
32352,11463008.0
32353,5740507.0
32354,5988989.5
32355,5893863.0
32356,5906829.0
32357,7414459.0
32358,6745392.5
32359,16165684.0
32360,5530589.0
32361,7735683.5
32362,7582851.5
32363,6785141.5
32364,5191622.0
32365,8659774.0
32366,7472419.5
32367,3139447.75
32368,5702926.0
32369,8827370.0
32370,3594560.75
32371,7969787.0
32372,8682842.0
32373,11415066.0
32374,19723698.0
32375,4461740.0
32376,6209436.5
32377,6792046.0
32378,6240919.5
32379,4967829.0
32380,8880816.0
32381,3399567.5
32382,12813420.0
32383,13429848.0
32384,3927408.25
32385,9188102.0
32386,7441611.5
32387,2864059.5
32388,3846094.0
32389,8397824.0
32390,4789595.0
32391,6268795.0
32392,6297766.5
32393,6024248.0
32394,4404003.5
32395,4180147.75
32396,4314113.0
32397,6075004.5
32398,4900428.0
32399,8096443.5
32400,5992821.0
32401,6384604.5
32402,3677496.25
32403,11252594.0
32404,5722292.5
32405,14917346.0
32406,2964284.5
32407,6861407.5
32408,4939287.0
32409,16672494.0
32410,5792688.5
32411,6161269.0
32412,7723808.5
32413,12322504.0
32414,10100542.0
32415,4933866.5
32416,8666342.0
32417,5150902.5
32418,6154040.0
32419,5086873.0
32420,7850187.5
32421,2647406.75
32422,4615359.5
32423,4791996.0
32424,6633246.0
32425,3684419.75
32426,9402288.0
32427,9351482.0
32428,6469134.5
32429,10318702.0
32430,3759560.75
32431,8995008.0
32432,10700694.0
32433,2839648.0
32434,11884968.0
32435,6468170.5
32436,9120264.0
32437,9523154.0
32438,6747718.5
32439,4964608.0
32440,7071309.5
32441,2282962.25
32442,8084308.5
32443,5075322.0
32444,4643135.0
32445,5781357.0
32446,7132612.5
32447,7839948.5
32448,6052877.0
32449,9253598.0
32450,7174539.5
32451,9445936.0
32452,6411516.5
32453,5031201.5
32454,4837718.0
32455,7513352.5
32456,6257501.0
32457,4840123.5
32458,8512096.0
32459,8627010.0
32460,7091640.5
32461,14000990.0
32462,8279720.0
32463,4464213.0
32464,12367604.0
32465,3587792.75
32466,7338163.0
32467,5417063.0
32468,8424722.0
32469,9453212.0
32470,9271010.0
32471,15077338.0
32472,5947047.0
32473,6612147.5
32474,5133407.5
32475,10452032.0
32476,5169597.0
32477,3465198.0
32478,5658060.5
32479,4889609.0
32480,10551040.0
32481,5921935.5
32482,4492162.0
32483,7869439.5
32484,9759200.0
32485,10829092.0
32486,6725374.0
32487,5546471.5
32488,11454222.0
32489,13381366.0
32490,5467173.5
32491,7877686.5
32492,8789964.0
32493,7462147.5
32494,6313969.5
32495,5282302.5
32496,5058972.5
32497,7606882.5
32498,12131628.0
32499,12566114.0
32500,4277598.0
32501,14100780.0
32502,7046967.5
32503,5059327.0
32504,4632278.0
32505,5219043.0
32506,6640813.5
32507,3940641.5
32508,6995631.5
32509,4543650.5
32510,14325856.0
32511,3419015.25
32512,4833460.5
32513,4871875.5
32514,5790066.0
32515,6789726.5
32516,6168366.5
32517,11167416.0
32518,3907722.25
32519,3717254.5
32520,3313112.0
32521,6788076.0
32522,6224363.0
32523,6486938.0
32524,6734892.0
32525,5533157.0
32526,9131036.0
32527,5320397.5
32528,3940885.0
32529,5514670.0
32530,6732268.5
32531,5094267.5
32532,12878584.0
32533,5570046.0
32534,4018034.5
32535,5399784.0
32536,10045624.0
32537,4853646.0
32538,8891216.0
32539,5777598.0
32540,6508703.0
32541,11760716.0
32542,6320565.5
32543,5598878.5
32544,4147161.25
32545,4075195.0
32546,9821310.0
32547,6381895.0
32548,3778450.0
32549,3685448.0
32550,6296827.0
32551,5674123.5
32552,6894546.5
32553,6215123.5
32554,8242074.5
32555,9935974.0
32556,7039468.0
32557,3450445.0
32558,5369238.5
32559,8921860.0
32560,5640083.5
32561,5608156.0
32562,10417934.0
32563,6729465.0
32564,4861787.0
32565,7577129.5
32566,4160927.25
32567,4237550.5
32568,7786394.5
32569,6515167.0
32570,5933761.5
32571,6486892.0
32572,5143454.5
32573,7226039.0
32574,7798300.5
32575,5618442.5
32576,5957306.5
32577,4676648.0
32578,6484749.5
32579,6813230.0
32580,5165891.0
32581,4316037.5
32582,5682792.5
32583,7215478.5
32584,3905740.5
32585,3959021.5
32586,5253176.5
32587,6220991.5
32588,4725767.0
32589,2689289.0
32590,10340942.0
32591,8173269.5
32592,4469635.0
32593,3320744.75
32594,3923707.75
32595,4948154.5
32596,7949355.0
32597,7176766.0
32598,7668105.0
32599,5382733.5
32600,7556183.5
32601,3797099.5
32602,7375057.0
32603,6321563.0
32604,4383371.0
32605,4306091.0
32606,5650080.5
32607,5645260.0
32608,7790836.0
32609,3899357.5
32610,6979242.5
32611,5950369.0
32612,3563353.25
32613,5881275.0
32614,11942482.0
32615,3770366.0
32616,7340393.0
32617,7728345.0
32618,5874672.0
32619,4885901.0
32620,6850859.0
32621,6936418.0
32622,12926410.0
32623,7870185.0
32624,11165690.0
32625,8931260.0
32626,6500321.5
32627,7829255.5
32628,3642605.75
32629,10553424.0
32630,5987551.5
32631,5514389.0
32632,6033647.5
32633,6654058.0
32634,5383611.5
32635,9187176.0
32636,4794749.5
32637,8037286.0
32638,5607260.0
32639,3769618.5
32640,6355860.0
32641,5796213.0
32642,6369782.5
32643,11423178.0
32644,4390976.0
32645,5682581.5
32646,6540391.0
32647,13780122.0
32648,6785765.0
32649,5952373.0
32650,8016193.5
32651,2860725.25
32652,9500092.0
32653,9857228.0
32654,5274837.5
32655,9805416.0
32656,4035517.25
32657,6117912.5
32658,5948734.5
32659,3568001.5
32660,3140018.0
32661,6728400.0
32662,11611678.0
32663,10093504.0
32664,10884958.0
32665,9694288.0
32666,7095077.5
32667,6138286.0
32668,5802397.5
32669,6773269.5
32670,6097488.0
32671,6054432.5
32672,3853419.75
32673,7493893.0
32674,5634349.5
32675,3833029.25
32676,5494424.0
32677,4825387.5
32678,8823634.0
32679,4347910.0
32680,16277604.0
32681,7868671.0
32682,5018467.0
32683,10120360.0
32684,6886796.0
32685,6018796.5
32686,7321809.5
32687,5191214.5
32688,6001329.5
32689,5150045.5
32690,8209808.5
32691,8474480.0
32692,9075540.0
32693,7104550.0
32694,5294950.5
32695,8177783.0
32696,3541427.0
32697,7245668.5
32698,6134159.5
32699,5284914.5
32700,6752245.5
32701,10302372.0
32702,13117880.0
32703,8324153.5
32704,9902824.0
32705,11149812.0
32706,5725838.5
32707,8227632.0
32708,6269338.5
32709,4995332.0
32710,10459058.0
32711,5930535.0
32712,9147704.0
32713,5417188.0
32714,6181287.0
32715,3942107.75
32716,4539300.0
32717,6673326.5
32718,8512760.0
32719,5371130.5
32720,4648087.0
32721,11396300.0
32722,5532234.5
32723,5039899.0
32724,8030996.5
32725,14273330.0
32726,5385768.5
32727,5851303.5
32728,9785548.0
32729,5928187.0
32730,8034946.5
32731,6021263.5
32732,6150251.5
32733,6781708.5
32734,5340189.5
32735,5726013.0
32736,4673917.0
32737,6098720.5
32738,7962413.5
32739,25361008.0
32740,6935117.0
32741,6435701.5
32742,12601584.0
32743,5522286.5
32744,11989164.0
32745,5946886.5
32746,10496852.0
32747,7075339.0
32748,5127834.5
32749,3706596.5
32750,9473924.0
32751,6805638.0
32752,23756882.0
32753,6327573.0
32754,7180458.0
32755,6975747.0
32756,6729648.5
32757,14354074.0
32758,7604832.0
32759,5594393.5
32760,5642440.0
32761,5446585.0
32762,8257791.5
32763,5905819.5
32764,6289001.5
32765,4411818.0
32766,7162436.0
32767,5349249.0
32768,5576534.5
32769,6323692.0
32770,7332750.0
32771,12148126.0
32772,17115666.0
32773,4876624.5
32774,7013167.5
32775,6539912.5
32776,5693713.0
32777,4497714.0
32778,5321300.5
32779,4657576.0
32780,6139592.5
32781,7723841.0
32782,5754807.5
32783,7854238.0
32784,10009452.0
32785,8533822.0
32786,3852530.75
32787,9492780.0
32788,4467323.0
32789,5722191.0
32790,5411248.0
32791,5469403.5
32792,4908083.5
32793,13895080.0
32794,3022209.25
32795,5026077.0
32796,6415872.5
32797,6439165.5
32798,8491892.0
32799,11599734.0
32800,3565648.25
32801,6364001.0
32802,7989383.0
32803,4505187.0
32804,8216978.5
32805,11550822.0
32806,5867754.0
32807,5252230.5
32808,5658001.5
32809,7007816.0
32810,6005309.0
32811,6529632.0
32812,4332930.0
32813,6399887.5
32814,3433001.0
32815,5130319.0
32816,4347145.5
32817,6334852.5
32818,9015158.0
32819,3110512.25
32820,5022336.0
32821,12244842.0
32822,5729929.5
32823,6403902.0
32824,6971707.5
32825,6093396.5
32826,8010287.0
32827,8417656.0
32828,6776511.5
32829,6275874.5
32830,4613358.5
32831,5628281.5
32832,3249173.25
32833,9703968.0
32834,9641630.0
32835,5767609.5
32836,5677577.5
32837,5314509.5
32838,5042758.0
32839,27315558.0
32840,6326899.5
32841,4167986.5
32842,5441711.0
32843,3536085.25
32844,4951954.0
32845,7881327.0
32846,9971858.0
32847,4616964.0
32848,12062826.0
32849,3709816.5
32850,7138371.0
32851,9531146.0
32852,3653866.5
32853,4132172.25
32854,8238263.5
32855,7694176.5
32856,4930653.0
32857,8678032.0
32858,3185663.5
32859,6071516.0
32860,6035598.5
32861,5139417.0
32862,6450329.0
32863,5590030.0
32864,8517872.0
32865,8029979.0
32866,3385074.5
32867,4774688.0
32868,7833695.5
32869,6851781.0
32870,5927489.5
32871,5814444.5
32872,9127100.0
32873,5025545.0
32874,5525895.0
32875,7934140.5
32876,5345460.0
32877,8488660.0
32878,10960246.0
32879,4089365.75
32880,6673007.0
32881,7196950.0
32882,6268795.0
32883,5388892.5
32884,6457281.5
32885,4232799.5
32886,5567854.0
32887,4091885.25
32888,7058162.0
32889,4819480.5
32890,4433150.0
32891,5427857.0
32892,4826956.0
32893,9530662.0
32894,5639742.0
32895,9625368.0
32896,6184641.0
32897,2590307.5
32898,10968820.0
32899,8728888.0
32900,5984812.0
32901,6405385.5
32902,7644610.5
32903,6435136.5
32904,11407428.0
32905,6536378.5
32906,7325943.5
32907,3754417.75
32908,8275357.5
32909,3971589.75
32910,8275750.5
32911,8549552.0
32912,7804147.0
32913,6141442.0
32914,4187703.25
32915,6077678.0
32916,10139520.0
32917,6019394.0
32918,9115004.0
32919,13020776.0
32920,4854246.5
32921,5003682.0
32922,5041614.5
32923,5217428.5
32924,4176200.5
32925,4941638.0
32926,5073605.5
32927,9166110.0
32928,8802516.0
32929,8389666.0
32930,4995827.0
32931,7329448.0
32932,5738340.5
32933,4894483.0
32934,4918217.5
32935,10199540.0
32936,5313930.5
32937,5075937.5
32938,7297631.0
32939,4642800.5
32940,7903993.0
32941,9349112.0
32942,5656696.0
32943,5055387.5
32944,5190210.5
32945,5518865.0
32946,7609787.0
32947,3603268.25
32948,12732042.0
32949,6131148.0
32950,4714678.0
32951,8155833.5
32952,9072722.0
32953,6793897.0
32954,7706250.0
32955,10169196.0
32956,6096902.5
32957,9659176.0
32958,7867816.5
32959,9496330.0
32960,6943814.5
32961,10191266.0
32962,4464179.5
32963,7705789.5
32964,4872209.5
32965,8849144.0
32966,5120826.5
32967,7036730.5
32968,6554982.0
32969,5965144.5
32970,5858751.5
32971,5896112.0
32972,6084842.5
32973,6376035.0
32974,7689279.0
32975,9306308.0
32976,5958953.0
32977,5889453.5
32978,5718352.5
32979,4199039.5
32980,5226640.5
32981,5260002.0
32982,6289316.5
32983,7383646.0
32984,5286202.0
32985,4824170.5
32986,5493143.5
32987,7866113.0
32988,6152027.0
32989,4274203.5
32990,7258470.0
32991,3351581.25
32992,4946977.0
32993,5530067.5
32994,3323366.5
32995,7052092.0
32996,9095098.0
32997,8479114.0
32998,20700800.0
32999,3643887.75
33000,5391380.0
33001,5431032.0
33002,6242993.5
33003,5519747.5
33004,6689644.5
33005,9655762.0
33006,11088512.0
33007,5124466.5
33008,4987507.0
33009,7782618.0
33010,6198624.0
33011,3780281.0
33012,4153852.5
33013,4548112.0
33014,5478631.5
33015,4954946.0
33016,6001094.0
33017,5326053.5
33018,5644168.0
33019,5416814.0
33020,5458571.5
33021,5657504.5
33022,6818232.5
33023,9344506.0
33024,10625796.0
33025,5805931.5
33026,5059462.0
33027,3897975.75
33028,5930412.0
33029,6670856.0
33030,7186916.0
33031,4074945.25
33032,9679198.0
33033,8028105.5
33034,4368623.5
33035,6733830.5
33036,5862836.5
33037,8128714.0
33038,6826142.5
33039,9023062.0
33040,11000890.0
33041,4675654.0
33042,9171690.0
33043,5614076.5
33044,6167237.0
33045,11484198.0
33046,8575442.0
33047,7714327.5
33048,9024430.0
33049,20026574.0
33050,8499546.0
33051,6436288.5
33052,8793538.0
33053,7439675.5
33054,3927363.25
33055,10262228.0
33056,4924871.0
33057,8984704.0
33058,6441999.5
33059,9413644.0
33060,4566302.0
33061,5406817.5
33062,6900482.0
33063,5907882.5
33064,6771401.0
33065,7287287.5
33066,8999706.0
33067,5793187.0
33068,6817535.0
33069,14214146.0
33070,9629612.0
33071,10720440.0
33072,5369112.0
33073,3035883.25
33074,8906670.0
33075,7013898.0
33076,7106004.5
33077,6521217.0
33078,4795443.0
33079,10781658.0
33080,7520717.0
33081,16658018.0
33082,9215862.0
33083,6506269.5
33084,5555644.0
33085,8933936.0
33086,10168718.0
33087,5168886.5
33088,3257998.0
33089,7832815.5
33090,8372214.5
33091,5158994.0
33092,4558812.5
33093,13544102.0
33094,4145855.0
33095,3958136.5
33096,7862643.5
33097,5342667.5
33098,6578640.5
33099,5927038.5
33100,4884655.0
33101,5917693.5
33102,5388705.0
33103,2032376.0
33104,4231312.5
33105,9415692.0
33106,4765110.0
33107,3675981.75
33108,12964832.0
33109,6806061.5
33110,5085169.0
33111,6586896.0
33112,4648143.5
33113,7094932.5
33114,4854701.5
33115,7007546.5
33116,5711045.5
33117,5441239.5
33118,11476838.0
33119,13262218.0
33120,3041204.5
33121,6512502.0
33122,5014279.5
33123,26333746.0
33124,3140210.5
33125,6505374.5
33126,5770075.5
33127,6037337.0
33128,7432044.5
33129,9869812.0
33130,7102153.5
33131,7652856.0
33132,4724973.5
33133,25005326.0
33134,7766089.5
33135,8365516.0
33136,7363400.5
33137,3935549.25
33138,12831338.0
33139,6539171.5
33140,6214498.5
33141,5513718.5
33142,8285707.5
33143,3148650.5
33144,4839183.5
33145,7122711.0
33146,5322092.0
33147,3538952.0
33148,6612371.5
33149,13350744.0
33150,5446753.0
33151,7021983.5
33152,20674350.0
33153,14194524.0
33154,7272876.0
33155,11955738.0
33156,9022602.0
33157,4751711.0
33158,16304016.0
33159,4991424.5
33160,4482295.0
33161,5906196.5
33162,7954629.5
33163,6124087.5
33164,6359888.0
33165,7518888.0
33166,6005760.0
33167,5050817.5
33168,6385806.0
33169,4614203.0
33170,5946536.0
33171,6662100.5
33172,10653318.0
33173,4306672.5
33174,6587529.0
33175,3451610.5
33176,5960196.5
33177,6798116.0
33178,6776968.0
33179,8568430.0
33180,5949297.0
33181,5757553.0
33182,5619000.0
33183,5823846.5
33184,5526691.5
33185,7816759.0
33186,4979105.5
33187,6362452.5
33188,6306326.0
33189,11411596.0
33190,5882922.5
33191,10478918.0
33192,9364320.0
33193,6275695.0
33194,4559606.5
33195,7693625.5
33196,4261745.5
33197,7604748.5
33198,5288010.0
33199,7636270.0
33200,4630178.5
33201,6008437.5
33202,9618862.0
33203,8631196.0
33204,7082269.0
33205,6246355.0
33206,6243325.0
33207,10523628.0
33208,11406438.0
33209,7385685.5
33210,3165290.75
33211,6272567.5
33212,5672103.0
33213,4580951.5
33214,8035554.5
33215,4474080.0
33216,3761704.0
33217,4529234.0
33218,5067412.5
33219,3706543.75
33220,6331533.5
33221,4057646.0
33222,5533626.0
33223,2734910.5
33224,10851636.0
33225,7523416.5
33226,4847303.0
33227,3828172.75
33228,3632299.75
33229,6492477.0
33230,6746410.0
33231,7488984.5
33232,6331105.0
33233,7369466.0
33234,11723010.0
33235,5819232.5
33236,7557220.0
33237,14764852.0
33238,7430307.0
33239,6149313.5
33240,6619520.5
33241,6255945.0
33242,5105180.5
33243,4462865.5
33244,10204216.0
33245,6208049.5
33246,6195810.0
33247,3581693.5
33248,11492858.0
33249,15582450.0
33250,11405868.0
33251,8658502.0
33252,8643258.0
33253,4985469.5
33254,4846121.0
33255,8939476.0
33256,9149234.0
33257,5215036.0
33258,24438532.0
33259,4222361.0
33260,4966175.0
33261,7418987.5
33262,6070142.5
33263,7561452.5
33264,9869350.0
33265,9325316.0
33266,6392972.5
33267,7693660.5
33268,6229980.0
33269,9655394.0
33270,3134851.25
33271,5046708.0
33272,5476682.0
33273,7715735.5
33274,5442640.5
33275,8464694.0
33276,12538366.0
33277,7034085.5
33278,4187471.5
33279,6648861.5
33280,6194241.0
33281,5615205.5
33282,7159732.0
33283,6926558.0
33284,5972424.5
33285,13868054.0
33286,5521390.0
33287,3543172.5
33288,11881680.0
33289,5636633.5
33290,4617116.0
33291,5762141.5
33292,7165691.5
33293,5028838.0
33294,5762493.5
33295,4581524.5
33296,5189405.5
33297,6588226.0
33298,8221982.0
33299,12702696.0
33300,3459946.0
33301,9196662.0
33302,4444026.5
33303,7762724.0
33304,11890068.0
33305,6459301.5
33306,6541599.0
33307,11000138.0
33308,7518859.0
33309,6133153.5
33310,14735916.0
33311,6564484.0
33312,4412932.5
33313,6752600.0
33314,8785162.0
33315,9592332.0
33316,8275685.0
33317,6730801.0
33318,6649790.0
33319,4727841.5
33320,9503252.0
33321,5232274.0
33322,5276775.0
33323,7593774.5
33324,8793394.0
33325,10609564.0
33326,5692655.5
33327,6765283.0
33328,6748221.0
33329,7789346.0
33330,3513582.0
33331,17058606.0
33332,3687394.0
33333,10752440.0
33334,5858260.0
33335,10812824.0
33336,7917436.5
33337,3713719.5
33338,10452930.0
33339,5732929.0
33340,7421955.0
33341,7654412.5
33342,14321130.0
33343,5233363.5
33344,5509518.5
33345,5813864.0
33346,17951898.0
33347,12658264.0
33348,6417672.0
33349,5966447.5
33350,6147524.0
33351,11184798.0
33352,5928141.5
33353,6301463.5
33354,5123975.5
33355,5267114.0
33356,5821942.5
33357,8807514.0
33358,2612895.75
33359,11692276.0
33360,5372227.5
33361,9787108.0
33362,3864758.25
33363,5746989.5
33364,5240948.0
33365,8240987.5
33366,17211010.0
33367,6171459.0
33368,8101115.0
33369,7358088.0
33370,5757014.5
33371,6452652.0
33372,5387616.5
33373,5450850.0
33374,6543575.0
33375,6045217.0
33376,5432698.5
33377,7863112.5
33378,20164848.0
33379,6295904.5
33380,7823965.0
33381,4861850.0
33382,4665029.0
33383,6050174.0
33384,7774551.0
33385,2704655.0
33386,11193652.0
33387,7452088.5
33388,8584530.0
33389,3962265.25
33390,6897926.5
33391,4933264.5
33392,12294776.0
33393,8777618.0
33394,5906895.0
33395,9918732.0
33396,7839864.0
33397,6713730.0
33398,6084576.5
33399,12373000.0
33400,23903880.0
33401,11443120.0
33402,4055994.5
33403,8015470.0
33404,5766174.5
33405,10521272.0
33406,6332565.5
33407,5348805.5
33408,7587421.0
33409,7418635.0
33410,6573997.0
33411,5763152.5
33412,11466678.0
33413,5754257.0
33414,8045280.0
33415,15446472.0
33416,10352292.0
33417,6090504.0
33418,9744156.0
33419,7333937.5
33420,8012787.5
33421,7613383.5
33422,8045942.0
33423,3111127.25
33424,9227904.0
33425,5941486.5
33426,6787909.0
33427,12313984.0
33428,4870560.0
33429,3640135.75
33430,4218321.5
33431,4068084.25
33432,5750900.0
33433,5848047.0
33434,648924.6875
33435,8217113.5
33436,5961734.0
33437,5453264.0
33438,4166693.5
33439,4748290.5
33440,5249255.0
33441,4160133.5
33442,7887910.0
33443,6705557.0
33444,11779190.0
33445,4070192.0
33446,7863765.0
33447,3743971.25
33448,7104092.5
33449,11581298.0
33450,5978460.0
33451,11393036.0
33452,8576006.0
33453,5236590.0
33454,6270507.0
33455,6720775.0
33456,6507193.5
33457,5064086.0
33458,5254599.0
33459,15719700.0
33460,10933692.0
33461,11742096.0
33462,8001779.0
33463,5175909.0
33464,14111456.0
33465,5378665.0
33466,3511354.0
33467,6317710.0
33468,3338688.5
33469,8438534.0
33470,6538171.0
33471,2819915.25
33472,7450558.0
33473,7935837.5
33474,4809931.5
33475,2730924.5
33476,5922416.5
33477,7562625.0
33478,7249465.0
33479,10532588.0
33480,5053579.0
33481,5512745.5
33482,4324222.5
33483,7096397.5
33484,4966200.5
33485,13666058.0
33486,11981088.0
33487,4742694.5
33488,10062112.0
33489,10360130.0
33490,15607972.0
33491,7165056.0
33492,6441497.0
33493,6727794.0
33494,6551366.0
33495,7463143.0
33496,7748661.5
33497,9287506.0
33498,9347272.0
33499,8380135.5
33500,6798467.5
33501,7554974.0
33502,6166832.5
33503,9660602.0
33504,9145134.0
33505,6538546.5
33506,7985157.5
33507,7073676.0
33508,5517567.0
33509,5577017.5
33510,6976596.5
33511,6600538.0
33512,4938127.0
33513,15295230.0
33514,3686449.5
33515,3638654.25
33516,4396142.5
33517,8149339.5
33518,6354367.5
33519,6658204.0
33520,5957118.5
33521,6686293.5
33522,4722212.0
33523,6408818.0
33524,5620941.0
33525,8228394.5
33526,9353924.0
33527,7101630.5
33528,5934386.5
33529,4980250.5
33530,5694054.0
33531,6290969.0
33532,4853757.5
33533,6498649.5
33534,5443793.0
33535,11388248.0
33536,8118360.0
33537,3695803.25
33538,8185531.0
33539,7302187.5
33540,9307482.0
33541,9200384.0
33542,17690908.0
33543,9535654.0
33544,4547337.5
33545,7438026.0
33546,4716189.5
33547,7567868.0
33548,7289718.0
33549,10023002.0
33550,14619096.0
33551,7960568.0
33552,6021445.5
33553,3924014.0
33554,9302708.0
33555,12047984.0
33556,4513388.0
33557,7604049.0
33558,22558060.0
33559,8556586.0
33560,5523401.0
33561,2869780.0
33562,7875492.0
33563,6510324.0
33564,5931842.5
33565,6109057.5
33566,8288881.5
33567,8995348.0
33568,3017261.25
33569,5745265.5
33570,10662124.0
33571,3135321.25
33572,5960714.5
33573,3710055.75
33574,7642734.5
33575,5003999.0
33576,5468749.0
33577,8387192.0
33578,11738830.0
33579,12112020.0
33580,7025391.5
33581,4963177.0
33582,8601220.0
33583,4399292.5
33584,4675006.5
33585,4714597.5
33586,5177391.5
33587,6196042.5
33588,7962800.0
33589,6857097.0
33590,5331391.0
33591,8821972.0
33592,7517158.0
33593,4300876.5
33594,10675730.0
33595,3655653.0
33596,7264074.5
33597,6102081.5
33598,4870503.0
33599,5837909.5
33600,4519185.5
33601,6271165.0
33602,6451450.0
33603,7563082.5
33604,4638857.0
33605,7438068.5
33606,5859097.0
33607,9976834.0
33608,10134796.0
33609,6926136.0
33610,9686290.0
33611,4891406.0
33612,4917035.5
33613,3941926.25
33614,5682841.0
33615,3983042.0
33616,10474342.0
33617,6583099.0
33618,2865824.75
33619,9450334.0
33620,9433166.0
33621,2810827.0
33622,6903868.0
33623,5426271.5
33624,4536929.0
33625,2765295.0
33626,9693056.0
33627,3688868.75
33628,4838256.0
33629,7349859.5
33630,6514050.5
33631,10541968.0
33632,5971672.0
33633,4439302.5
33634,12696416.0
33635,8865026.0
33636,5398389.0
33637,3627989.75
33638,8710226.0
33639,8880046.0
33640,9370828.0
33641,6697674.5
33642,11483070.0
33643,3888885.5
33644,6524982.5
33645,6587780.0
33646,9551230.0
33647,6152884.5
33648,6527159.0
33649,6497015.0
33650,5308587.5
33651,6244647.5
33652,8307085.0
33653,5326502.5
33654,5663945.5
33655,3978053.5
33656,3428278.5
33657,8416818.0
33658,8860212.0
33659,6848570.0
33660,8856922.0
33661,3516321.75
33662,6930534.5
33663,6566319.5
33664,8054359.0
33665,10400754.0
33666,5375770.0
33667,4406071.5
33668,10005294.0
33669,13958272.0
33670,4921041.5
33671,5476568.5
33672,14179124.0
33673,11618302.0
33674,5718437.5
33675,8462436.0
33676,3818477.5
33677,5182959.0
33678,8840474.0
33679,9973472.0
33680,8512974.0
33681,10065616.0
33682,7274488.0
33683,7318923.5
33684,4424269.0
33685,7978723.5
33686,8538534.0
33687,6101890.5
33688,10548906.0
33689,8022031.0
33690,5457499.0
33691,9678280.0
33692,5613404.5
33693,7720160.5
33694,4818866.0
33695,7164137.5
33696,6260916.0
33697,5077190.5
33698,5960916.0
33699,9527432.0
33700,4229548.0
33701,6508246.5
33702,4132247.0
33703,8370474.0
33704,5392552.0
33705,8789638.0
33706,7533352.0
33707,4193809.5
33708,4756758.0
33709,6895645.5
33710,5070505.0
33711,10210822.0
33712,9190666.0
33713,5425764.0
33714,4199341.5
33715,7527591.5
33716,5736115.5
33717,10705020.0
33718,4573310.5
33719,5316126.5
33720,4120399.5
33721,5475567.0
33722,4469701.5
33723,4518871.0
33724,6137005.5
33725,4980521.5
33726,6445518.5
33727,8931602.0
33728,6070957.5
33729,4989089.5
33730,5407049.0
33731,16137038.0
33732,5502887.5
33733,3999077.75
33734,6297527.0
33735,7530200.0
33736,5233167.0
33737,11050166.0
33738,3820181.25
33739,6570721.0
33740,3750669.25
33741,10058168.0
33742,5408834.0
33743,6311762.0
33744,5635709.0
33745,3239268.0
33746,8418296.0
33747,7163716.5
33748,6392351.5
33749,3851920.75
33750,8427740.0
33751,5746335.0
33752,5360317.5
33753,11403238.0
33754,8356660.0
33755,7307796.5
33756,8561110.0
33757,5555189.5
33758,6006382.5
33759,3052538.25
33760,4130600.75
33761,5952091.5
33762,5320474.5
33763,5157514.0
33764,5554789.5
33765,5341992.0
33766,5869589.5
33767,10996948.0
33768,6104745.5
33769,8060408.0
33770,3910698.25
33771,5235260.0
33772,7698139.0
33773,5712062.0
33774,4689458.0
33775,4476944.5
33776,6256525.0
33777,6225112.5
33778,7488408.0
33779,8598862.0
33780,12961922.0
33781,5445198.5
33782,3973439.75
33783,5716031.0
33784,4696154.5
33785,11070124.0
33786,8602262.0
33787,7522915.5
33788,4769317.5
33789,5283141.5
33790,5049048.5
33791,7564706.5
33792,4735096.5
33793,9629138.0
33794,4477922.5
33795,6005284.5
33796,8741500.0
33797,10186524.0
33798,7929870.5
33799,3695886.25
33800,6376875.5
33801,6405230.5
33802,6184549.5
33803,5851540.5
33804,11381700.0
33805,5234310.5
33806,8179431.5
33807,11178072.0
33808,4454053.5
33809,16727178.0
33810,6743127.5
33811,10964234.0
33812,7323787.5
33813,5464103.0
33814,12114240.0
33815,10419936.0
33816,3983357.75
33817,7677110.0
33818,5483723.5
33819,5136381.5
33820,5992035.5
33821,7275158.0
33822,3952744.25
33823,5329800.0
33824,10745402.0
33825,7462365.0
33826,8315816.0
33827,5033735.5
33828,3843378.5
33829,7904184.5
33830,4312433.0
33831,8180888.0
33832,5535799.0
33833,7193512.5
33834,5388469.0
33835,6293217.0
33836,5527196.5
33837,6132394.0
33838,6978683.5
33839,7111365.0
33840,8886992.0
33841,9152248.0
33842,10064418.0
33843,5096923.0
33844,4255483.5
33845,4797487.0
33846,5909313.5
33847,6265950.5
33848,6456416.0
33849,16791306.0
33850,5952022.0
33851,5150617.0
33852,6648243.0
33853,6880724.0
33854,5851835.0
33855,6568265.0
33856,2795337.75
33857,8359116.5
33858,7876220.0
33859,10703306.0
33860,3415951.75
33861,4977512.0
33862,5444205.0
33863,4759362.0
33864,6325698.0
33865,4019461.0
33866,7383827.5
33867,5917684.5
33868,12553062.0
33869,7690930.0
33870,5280572.0
33871,6249109.0
33872,4811824.0
33873,6760795.5
33874,3941227.5
33875,10274578.0
33876,8372137.0
33877,8393190.0
33878,6291434.5
33879,11403814.0
33880,5194829.5
33881,6962103.5
33882,6530722.5
33883,3838393.75
33884,7193422.0
33885,5659197.5
33886,7264232.5
33887,6119966.5
33888,11292236.0
33889,6813033.5
33890,8260480.5
33891,7460176.5
33892,4745697.0
33893,10056632.0
33894,3186180.0
33895,5212066.0
33896,4166693.5
33897,3640911.25
33898,6787597.0
33899,13516340.0
33900,12133162.0
33901,8473152.0
33902,6084683.5
33903,4640493.5
33904,6052235.0
33905,5959589.0
33906,6403822.5
33907,3647160.25
33908,3445374.0
33909,5630410.5
33910,4415646.5
33911,5981439.5
33912,3380125.25
33913,6283581.0
33914,3879535.5
33915,30042802.0
33916,4916418.0
33917,5756678.5
33918,9604596.0
33919,6281278.0
33920,3879535.5
33921,3943281.5
33922,4621727.5
33923,11049848.0
33924,3463268.75
33925,9712030.0
33926,5283650.0
33927,7998869.5
33928,7725145.5
33929,8856366.0
33930,6112453.5
33931,5995463.0
33932,5651186.0
33933,6662799.0
33934,4869159.5
33935,2636605.0
33936,4720393.5
33937,5766497.5
33938,10785804.0
33939,6360053.5
33940,15526406.0
33941,7839890.5
33942,11024932.0
33943,8465460.0
33944,5607887.0
33945,8536968.0
33946,6282381.0
33947,7385524.5
33948,6535816.5
33949,6043253.0
33950,7005513.0
33951,4932061.0
33952,6427147.0
33953,6159992.0
33954,15419554.0
33955,5949199.0
33956,10921998.0
33957,3479059.5
33958,3163599.5
33959,5886189.5
33960,6045631.0
33961,7401088.5
33962,5199010.0
33963,6131933.5
33964,7201446.0
33965,3044579.0
33966,4957383.0
33967,5533829.5
33968,8641846.0
33969,4272556.0
33970,5151132.5
33971,5097361.0
33972,8441856.0
33973,6189977.0
33974,4406953.5
33975,7960274.5
33976,14313260.0
33977,6170124.5
33978,8976060.0
33979,5453812.0
33980,10577232.0
33981,5164335.0
33982,5418583.5
33983,3761447.25
33984,4653533.0
33985,6863245.5
33986,7826093.5
33987,5277773.0
33988,3726407.5
33989,6747844.0
33990,3421369.5
33991,4978697.0
33992,2823220.0
33993,14310720.0
33994,9252176.0
33995,4509252.0
33996,7985166.5
33997,5512975.0
33998,7659339.0
33999,5460263.0
34000,4989653.0
34001,8931276.0
34002,7187733.5
34003,4776745.0
34004,4329966.0
34005,5311187.5
34006,13246442.0
34007,5989433.0
34008,5608652.0
34009,7227390.0
34010,5492459.0
34011,3979576.75
34012,8348075.0
34013,7583988.5
34014,9018690.0
34015,6183595.0
34016,3707145.25
34017,11328066.0
34018,8899996.0
34019,7499561.0
34020,7159239.0
34021,6357006.0
34022,5998620.5
34023,5525697.5
34024,5087794.0
34025,4964489.5
34026,9517098.0
34027,6465965.5
34028,6729834.5
34029,3972664.75
34030,4129360.5
34031,12326174.0
34032,11695150.0
34033,7142970.0
34034,6637223.0
34035,3773327.25
34036,8606358.0
34037,5110683.5
34038,3848496.5
34039,5034856.0
34040,8967290.0
34041,3990803.25
34042,10200308.0
34043,3606239.75
34044,4625607.5
34045,9418534.0
34046,5416096.0
34047,5995463.0
34048,8091089.0
34049,3629374.5
34050,5829585.5
34051,7222857.5
34052,4756381.0
34053,7511741.5
34054,8785190.0
34055,4691763.5
34056,3366903.0
34057,5476024.5
34058,8131736.0
34059,6409874.0
34060,3647732.0
34061,6668984.5
34062,3555979.5
34063,7296483.5
34064,3378419.5
34065,6048576.5
34066,4526763.0
34067,5559024.0
34068,11289554.0
34069,4495147.5
34070,5441279.0
34071,3889047.75
34072,7271495.5
34073,5851682.5
34074,12670392.0
34075,6240233.5
34076,6462179.5
34077,4773263.0
34078,10401572.0
34079,9236032.0
34080,6265867.0
34081,5764011.5
34082,5625115.5
34083,5996426.0
34084,6177983.5
34085,6002318.5
34086,8062049.0
34087,5585693.5
34088,5895796.5
34089,5104936.0
34090,6302806.0
34091,7168738.0
34092,6619592.0
34093,4917934.5
34094,5315273.0
34095,3945529.75
34096,8900824.0
34097,11917992.0
34098,5537710.0
34099,8306527.5
34100,6233891.0
34101,7279257.5
34102,6201349.5
34103,7357070.0
34104,2839481.75
34105,5360049.5
34106,6937055.5
34107,6312830.5
34108,5579497.5
34109,10093910.0
34110,6073514.5
34111,4726592.0
34112,6947166.0
34113,6003997.5
34114,7062455.5
34115,3477587.5
34116,7080577.5
34117,7139767.5
34118,4445585.0
34119,7670509.5
34120,3879535.5
34121,3800982.0
34122,3672247.25
34123,3878428.0
34124,6392758.5
34125,4914904.5
34126,10930174.0
34127,2730924.5
34128,7811040.0
34129,4812824.0
34130,4665118.0
34131,13850202.0
34132,7611133.0
34133,11895906.0
34134,6415566.5
34135,6051297.0
34136,7515196.5
34137,7113864.5
34138,6431826.0
34139,7749598.5
34140,5560077.0
34141,7037970.5
34142,6377722.0
34143,4523703.0
34144,9043810.0
34145,4532813.5
34146,9862332.0
34147,7724737.5
34148,5055115.5
34149,4966066.0
34150,13761402.0
34151,5780407.0
34152,11144394.0
34153,3497361.5
34154,7620936.5
34155,3811549.25
34156,5097343.5
34157,6790399.0
34158,6146122.0
34159,11461616.0
34160,7528810.0
34161,3975300.75
34162,7950336.5
34163,6440813.0
34164,3316085.0
34165,7765715.0
34166,4770709.5
34167,7352352.5
34168,6740516.5
34169,6021720.0
34170,6549621.5
34171,4749607.0
34172,6436400.0
34173,8369102.0
34174,3925500.75
34175,4901907.0
34176,5123499.0
34177,5521007.0
34178,7146232.5
34179,5473397.5
34180,9197676.0
34181,3753041.75
34182,5292322.0
34183,4364532.5
34184,6123498.0
34185,7100391.0
34186,10673828.0
34187,5376728.0
34188,3396773.75
34189,6746620.5
34190,5840625.0
34191,12029884.0
34192,6566636.0
34193,4298082.5
34194,6241761.5
34195,8515394.0
34196,4285126.0
34197,4880868.0
34198,5090380.0
34199,6250782.5
34200,7860398.5
34201,5158074.5
34202,9097340.0
34203,8234786.5
34204,8083090.0
34205,7461357.5
34206,4521995.0
34207,3938882.75
34208,8551360.0
34209,5594807.5
34210,13020300.0
34211,7746391.5
34212,5105335.5
34213,15599484.0
34214,7870608.0
34215,5804808.5
34216,13377462.0
34217,6153691.0
34218,4458738.5
34219,3679481.5
34220,4813210.5
34221,3636285.0
34222,5799030.5
34223,3549077.0
34224,7866805.5
34225,5738819.5
34226,6735942.5
34227,6256188.0
34228,9191748.0
34229,5838839.5
34230,3698838.75
34231,6712765.5
34232,4823482.0
34233,12659618.0
34234,3346748.75
34235,4823482.0
34236,6364340.0
34237,16254200.0
34238,9348084.0
34239,6485537.5
34240,5329758.5
34241,4028592.0
34242,5354311.5
34243,5552882.0
34244,3751994.0
34245,5992069.5
34246,6542527.0
34247,11500012.0
34248,5233371.5
34249,4727204.5
34250,5455614.0
34251,7727639.0
34252,8058351.5
34253,5439565.5
34254,7349138.0
34255,5067257.5
34256,12650542.0
34257,5423388.5
34258,5839324.5
34259,10709034.0
34260,4758623.5
34261,7023935.5
34262,5783728.5
34263,5452380.5
34264,6265946.5
34265,10326010.0
34266,3457476.75
34267,8939858.0
34268,10393370.0
34269,6164059.5
34270,10802660.0
34271,5510636.5
34272,9390988.0
34273,5028883.0
34274,8043903.0
34275,6299747.5
34276,8059513.5
34277,17546812.0
34278,2936966.0
34279,11064672.0
34280,6461313.0
34281,3496846.75
34282,4822729.0
34283,10453758.0
34284,8735104.0
34285,5268369.5
34286,5721700.0
34287,6220357.0
34288,5599377.0
34289,13023958.0
34290,5943548.0
34291,8336050.5
34292,3546205.75
34293,20366526.0
34294,15236066.0
34295,8171377.5
34296,5511278.5
34297,7718849.5
34298,7835300.5
34299,6066913.5
34300,7052468.5
34301,6248166.5
34302,4449897.0
34303,8257056.5
34304,5637366.0
34305,13312594.0
34306,6660262.0
34307,8265361.5
34308,9785062.0
34309,4884399.0
34310,6143278.5
34311,6511552.0
34312,4098407.0
34313,9098630.0
34314,6965791.0
34315,13060096.0
34316,6479445.0
34317,7299742.0
34318,5225143.0
34319,3932048.0
34320,7832448.0
34321,1986138.875
34322,3278626.0
34323,6072756.5
34324,7238330.0
34325,4701032.0
34326,7696310.5
34327,8848948.0
34328,14517786.0
34329,10182256.0
34330,8790014.0
34331,7687500.0
34332,7955658.0
34333,5770516.5
34334,5216324.5
34335,4890225.0
34336,5532043.5
34337,4908545.5
34338,7463279.0
34339,13682564.0
34340,9378048.0
34341,6241532.5
34342,10098182.0
34343,4709264.5
34344,12310478.0
34345,13276772.0
34346,5399041.5
34347,5744393.5
34348,5857201.0
34349,3678758.25
34350,5424048.0
34351,3603608.75
34352,6708376.5
34353,8459128.0
34354,3325649.0
34355,7052096.5
34356,8225847.0
34357,6271087.5
34358,7462619.5
34359,6338018.0
34360,9195978.0
34361,6239055.0
34362,3956137.25
34363,3321644.75
34364,5846642.5
34365,4495739.5
34366,6041042.5
34367,9151886.0
34368,5170909.5
34369,5729719.5
34370,6068074.0
34371,7047062.0
34372,3835270.5
34373,8677628.0
34374,10454676.0
34375,5674471.0
34376,9132364.0
34377,3866552.25
34378,4981682.5
34379,7448887.0
34380,7960650.5
34381,4678825.5
34382,3499309.75
34383,7454519.5
34384,8858462.0
34385,3524711.75
34386,9058400.0
34387,5542476.0
34388,8381311.5
34389,6486657.0
34390,6685229.5
34391,6614390.5
34392,5193311.0
34393,5650652.0
34394,4330228.5
34395,7555689.5
34396,12648646.0
34397,2878292.25
34398,7083524.0
34399,11841514.0
34400,10035246.0
34401,5557987.0
34402,4940045.5
34403,6304810.5
34404,7581076.0
34405,11913558.0
34406,9074470.0
34407,4701540.0
34408,3582075.25
34409,7025721.5
34410,9320424.0
34411,5736917.5
34412,5778621.5
34413,5810566.5
34414,11340854.0
34415,2404084.0
34416,7679224.0
34417,5670814.0
34418,3702223.75
34419,6868095.5
34420,6111875.5
34421,3379191.25
34422,5934617.5
34423,4865623.0
34424,6497556.5
34425,4439890.0
34426,4240715.0
34427,5608548.0
34428,7474922.0
34429,6707494.0
34430,7336121.5
34431,4819013.0
34432,4769062.5
34433,3122840.0
34434,5273836.5
34435,6072050.0
34436,5868178.0
34437,3873839.25
34438,3767472.0
34439,6889202.5
34440,6863443.0
34441,8994410.0
34442,5166493.5
34443,4680929.5
34444,5262260.0
34445,6349653.5
34446,6575403.5
34447,10276832.0
34448,4987441.0
34449,9420196.0
34450,4847240.5
34451,5562730.5
34452,7550039.5
34453,5893955.0
34454,6546408.0
34455,6142709.0
34456,5699598.5
34457,9873502.0
34458,4443326.0
34459,8191642.5
34460,6400622.5
34461,6133004.0
34462,5676725.0
34463,4611924.5
34464,7066363.0
34465,13653724.0
34466,3007412.0
34467,7745748.0
34468,11213140.0
34469,6035118.5
34470,5496373.5
34471,7302450.5
34472,6261871.0
34473,3345401.75
34474,12737464.0
34475,5653611.5
34476,5436429.0
34477,8328150.5
34478,13362290.0
34479,6091092.0
34480,7356164.0
34481,8089702.0
34482,11095104.0
34483,6932214.5
34484,9179708.0
34485,6159807.0
34486,11147642.0
34487,8441604.0
34488,5898869.5
34489,5610750.0
34490,7678468.0
34491,8921600.0
34492,3129087.25
34493,3534414.0
34494,8666910.0
34495,5538839.5
34496,6840484.5
34497,4872793.5
34498,7016065.5
34499,9537868.0
34500,7849144.0
34501,14064098.0
34502,5063515.0
34503,7339367.5
34504,9741618.0
34505,5680114.5
34506,10386528.0
34507,3879449.0
34508,14858144.0
34509,5980999.0
34510,29809236.0
34511,7567185.5
34512,10841138.0
34513,6085107.5
34514,5041095.5
34515,3693096.5
34516,3405135.75
34517,6703385.5
34518,5165822.5
34519,6267265.0
34520,3356348.5
34521,38143884.0
34522,7772221.0
34523,6156029.5
34524,8260342.0
34525,5359072.5
34526,5801625.5
34527,7179200.0
34528,16337596.0
34529,10107452.0
34530,8415394.0
34531,4184107.0
34532,3625087.75
34533,5761184.0
34534,6736431.0
34535,3264757.5
34536,7006323.5
34537,2677615.25
34538,5866594.5
34539,6771327.5
34540,6094857.0
34541,10297610.0
34542,5340282.0
34543,6830899.0
34544,5614209.0
34545,4994546.5
34546,22603120.0
34547,4245265.5
34548,10704568.0
34549,5760773.5
34550,4606974.5
34551,6670466.5
34552,6564709.0
34553,25979484.0
34554,4412165.5
34555,9283568.0
34556,6744546.5
34557,11760448.0
34558,5283699.5
34559,7730177.0
34560,12621506.0
34561,6203887.0
34562,12752206.0
34563,5203818.5
34564,12938704.0
34565,4665659.5
34566,10318152.0
34567,6739014.5
34568,6543712.5
34569,9394036.0
34570,5755570.5
34571,9953402.0
34572,11348838.0
34573,11428390.0
34574,4739863.0
34575,6275636.0
34576,2758962.5
34577,5151196.0
34578,5397081.0
34579,5121304.0
34580,3272524.5
34581,5425400.0
34582,5848335.0
34583,7585436.0
34584,4604956.0
34585,5978261.0
34586,2774794.25
34587,10902614.0
34588,4792303.5
34589,3121808.25
34590,8284708.5
34591,8950442.0
34592,5574566.0
34593,4077630.25
34594,9107764.0
34595,8460350.0
34596,5777374.0
34597,10814346.0
34598,6227813.5
34599,5012614.5
34600,8292017.5
34601,6093221.0
34602,6163418.0
34603,4726059.5
34604,3234496.0
34605,3474237.25
34606,4979225.0
34607,5826607.0
34608,11610318.0
34609,17243284.0
34610,5502987.0
34611,5897585.5
34612,5012236.5
34613,9779468.0
34614,4100636.5
34615,5425527.5
34616,5768237.0
34617,15026504.0
34618,8293146.5
34619,3609507.25
34620,5046209.0
34621,5141133.5
34622,5072168.0
34623,5928892.0
34624,5648966.0
34625,11477632.0
34626,6414707.5
34627,5769883.0
34628,4821120.5
34629,2540087.0
34630,4289860.5
34631,5625127.0
34632,15852156.0
34633,6206966.5
34634,5312957.5
34635,6135520.0
34636,7726133.5
34637,5837902.5
34638,5953415.0
34639,5007844.5
34640,3163583.5
34641,4760611.5
34642,8601718.0
34643,5596416.5
34644,6106062.5
34645,6220710.5
34646,4086498.0
34647,5216593.5
34648,8592872.0
34649,8140902.0
34650,6969563.0
34651,10144220.0
34652,6677474.0
34653,6178007.0
34654,3817166.0
34655,4548407.5
34656,4405493.5
34657,2536310.0
34658,3229542.5
34659,4488685.5
34660,6322987.5
34661,7291233.5
34662,3522658.25
34663,11625348.0
34664,5500091.5
34665,6507842.0
34666,3425301.5
34667,5604245.0
34668,4790451.5
34669,5959536.0
34670,12398922.0
34671,5357172.0
34672,6303304.0
34673,7944280.0
34674,5612479.5
34675,7833999.0
34676,4644393.0
34677,9889942.0
34678,6135077.0
34679,8629872.0
34680,11183268.0
34681,4599796.5
34682,5307359.0
34683,6104180.5
34684,4325895.5
34685,10987568.0
34686,5605282.5
34687,6595588.0
34688,13591982.0
34689,5558151.5
34690,10731106.0
34691,12719916.0
34692,14369218.0
34693,4825749.5
34694,7879987.0
34695,6215266.5
34696,5847900.5
34697,4870181.0
34698,6582592.5
34699,5377479.5
34700,8121475.5
34701,12428994.0
34702,8694408.0
34703,3539311.25
34704,3631973.25
34705,6404275.5
34706,6166102.0
34707,6025361.5
34708,5234303.5
34709,14852378.0
34710,3691920.0
34711,8613292.0
34712,11087802.0
34713,4254822.0
34714,5745671.0
34715,4810114.5
34716,14746176.0
34717,5606839.5
34718,6529886.0
34719,5979924.0
34720,8511158.0
34721,7180755.5
34722,4774991.5
34723,7244909.5
34724,6696815.5
34725,6787274.0
34726,5339319.5
34727,6257659.0
34728,4616279.5
34729,4022996.0
34730,7811055.5
34731,6910633.5
34732,7389092.5
34733,3375416.5
34734,15792414.0
34735,6882885.5
34736,4934111.5
34737,10140878.0
34738,8421232.0
34739,5892897.0
34740,6495655.0
34741,3982674.25
34742,6969563.0
34743,4777299.5
34744,3511948.0
34745,7039190.0
34746,8521354.0
34747,4749607.0
34748,8663638.0
34749,7091438.5
34750,5179504.0
34751,5020045.5
34752,26446126.0
34753,9330174.0
34754,9861474.0
34755,4592902.0
34756,4106682.75
34757,4415583.0
34758,4823398.0
34759,7065191.5
34760,3440227.5
34761,12245866.0
34762,5398798.5
34763,7976591.5
34764,6723032.5
34765,9117910.0
34766,14672610.0
34767,7393947.5
34768,5478630.5
34769,9489900.0
34770,6835634.0
34771,14744756.0
34772,7360698.5
34773,6491962.0
34774,7679265.0
34775,3502579.5
34776,7072549.5
34777,4808918.0
34778,6863385.0
34779,6676091.5
34780,7969424.5
34781,13167292.0
34782,4290815.0
34783,9571736.0
34784,3434111.0
34785,8302934.5
34786,4854295.5
34787,3354556.5
34788,6290766.0
34789,7836700.0
34790,5359683.5
34791,6136157.5
34792,7374914.0
34793,4431372.5
34794,24013454.0
34795,5884303.0
34796,5579629.0
34797,8472562.0
34798,6771314.0
34799,7238473.0
34800,15962694.0
34801,6295291.0
34802,9299070.0
34803,4708800.0
34804,5402301.0
34805,5533573.0
34806,9351272.0
34807,3681402.75
34808,6502351.5
34809,7592601.5
34810,8635000.0
34811,4821012.0
34812,3237921.5
34813,4644197.0
34814,4548156.0
34815,10275290.0
34816,8446088.0
34817,7882901.5
34818,7565572.0
34819,7817004.5
34820,5670790.0
34821,4059101.5
34822,5110636.5
34823,5913861.0
34824,14214716.0
34825,11088180.0
34826,5902028.5
34827,4725111.0
34828,3227955.25
34829,9462656.0
34830,6538289.5
34831,4527034.5
34832,5557599.0
34833,5988271.0
34834,7016503.0
34835,4962636.5
34836,5724635.5
34837,5363193.5
34838,9509776.0
34839,5974675.0
34840,10681366.0
34841,10450638.0
34842,6027345.5
34843,5716265.5
34844,6690459.0
34845,6380562.0
34846,10982908.0
34847,5876750.0
34848,5523647.0
34849,4756288.5
34850,4972472.5
34851,4500539.0
34852,9196488.0
34853,3097098.0
34854,3097098.0
34855,11414048.0
34856,8381835.5
34857,9927604.0
34858,13398268.0
34859,13070546.0
34860,6925667.0
34861,6377540.0
34862,6476775.5
34863,10422302.0
34864,8005665.0
34865,3730859.75
34866,5866927.0
34867,6511101.5
34868,5017253.0
34869,8526586.0
34870,7271990.0
34871,5520698.5
34872,5856904.0
34873,6158911.0
34874,8662280.0
34875,6227037.5
34876,5894688.5
34877,6448082.5
34878,6213541.0
34879,5871979.5
34880,6100515.5
34881,7282135.0
34882,8341537.0
34883,3330171.0
34884,6227247.0
34885,7136670.5
34886,8101712.0
34887,5919291.5
34888,6122685.5
34889,4274178.0
34890,6774230.0
34891,4877116.0
34892,6669141.0
34893,4542774.5
34894,6328986.0
34895,4170791.5
34896,19366578.0
34897,6071983.5
34898,6925870.5
34899,6653848.0
34900,4715170.0
34901,5824059.5
34902,8873478.0
34903,6740006.0
34904,6748932.5
34905,5737609.0
34906,10475562.0
34907,8450400.0
34908,7169992.5
34909,4079176.75
34910,5522520.5
34911,3751164.5
34912,7795219.0
34913,4645571.0
34914,9884908.0
34915,6878981.0
34916,3547390.5
34917,5776232.0
34918,12813258.0
34919,4522748.0
34920,4452589.0
34921,5536311.0
34922,8333003.0
34923,5433582.0
34924,6788474.5
34925,10379650.0
34926,3097098.0
34927,10972524.0
34928,3719258.75
34929,10424138.0
34930,4799796.0
34931,5896490.0
34932,6201836.5
34933,4714473.5
34934,7336706.5
34935,5975477.0
34936,6180123.0
34937,8957444.0
34938,7541290.5
34939,7534161.0
34940,5232842.0
34941,14232580.0
34942,9653472.0
34943,4968418.5
34944,4850765.5
34945,8156297.0
34946,6790890.5
34947,5235451.0
34948,3500999.25
34949,5006491.0
34950,3734568.25
34951,9881722.0
34952,5104878.5
34953,17160928.0
34954,3204576.75
34955,6924899.5
34956,9798152.0
34957,5930896.0
34958,5462769.5
34959,5886767.0
34960,8942346.0
34961,6278969.0
34962,7102415.0
34963,5987542.5
34964,9184178.0
34965,6366580.0
34966,5060721.5
34967,5825858.5
34968,7088755.0
34969,8162094.0
34970,3247465.0
34971,3414911.5
34972,3710466.0
34973,6406762.5
34974,9369454.0
34975,11983092.0
34976,9516100.0
34977,5904981.0
34978,5994741.5
34979,7408367.5
34980,7804686.5
34981,3488253.0
34982,5897301.5
34983,5561860.5
34984,5917323.5
34985,5072424.5
34986,4958202.0
34987,3509747.75
34988,13068234.0
34989,5648475.0
34990,2480276.25
34991,5438460.5
34992,6632366.5
34993,3932259.75
34994,10318954.0
34995,7106488.5
34996,8325213.0
34997,7665352.5
34998,5808497.5
34999,4842460.5
35000,6867084.0
35001,6197311.5
35002,6244054.5
35003,5366744.5
35004,7083780.5
35005,5296178.0
35006,6329277.5
35007,8380486.5
35008,5074786.0
35009,6691919.5
35010,3323822.0
35011,4907630.0
35012,18779990.0
35013,9524298.0
35014,6464205.5
35015,10073286.0
35016,9494488.0
35017,4520969.5
35018,8067931.5
35019,11969408.0
35020,8446088.0
35021,6830124.0
35022,5174295.0
35023,4828801.0
35024,9791170.0
35025,5115803.0
35026,2607983.25
35027,8891478.0
35028,6916630.5
35029,4701222.0
35030,6487932.0
35031,4219857.5
35032,5188995.5
35033,6054474.0
35034,10297760.0
35035,9849068.0
35036,5400426.0
35037,5615942.5
35038,6276432.5
35039,15461658.0
35040,5656522.5
35041,6578846.0
35042,8936890.0
35043,13611740.0
35044,4667713.0
35045,5004826.0
35046,6174043.5
35047,5614613.0
35048,5595737.5
35049,5825864.5
35050,6064397.5
35051,8033232.0
35052,5281959.0
35053,9501726.0
35054,4035594.0
35055,6952355.5
35056,4438592.5
35057,6948824.0
35058,6150204.5
35059,7145437.5
35060,11051072.0
35061,3959224.5
35062,7303388.0
35063,5326784.0
35064,5709558.0
35065,6432532.5
35066,4811371.0
35067,6906554.5
35068,5313557.5
35069,3382939.75
35070,5997710.5
35071,3261430.75
35072,2551360.25
35073,7927869.0
35074,8377277.5
35075,5431331.5
35076,7817523.0
35077,7489892.0
35078,6735643.0
35079,6296407.0
35080,9959910.0
35081,6114469.5
35082,14769768.0
35083,5326775.5
35084,14684944.0
35085,6361073.0
35086,8475998.0
35087,7186040.5
35088,6547502.5
35089,5846993.0
35090,3797010.75
35091,2724237.75
35092,3338924.5
35093,8595756.0
35094,6459295.0
35095,6939978.0
35096,6860488.5
35097,4924599.0
35098,11417020.0
35099,3211987.5
35100,6996657.0
35101,5765104.5
35102,4995169.5
35103,23292130.0
35104,5563913.5
35105,5827901.5
35106,10172084.0
35107,3853474.0
35108,32240572.0
35109,5247531.0
35110,7219795.5
35111,6305091.5
35112,9127108.0
35113,5210439.0
35114,8582196.0
35115,7392570.0
35116,5000250.0
35117,3507778.5
35118,6349527.5
35119,6695713.0
35120,5476086.5
35121,4322594.0
35122,3265646.25
35123,7313512.5
35124,8175626.5
35125,5750796.0
35126,5531749.5
35127,4462463.0
35128,4840224.5
35129,8983908.0
35130,9290574.0
35131,11826234.0
35132,7928153.5
35133,5504900.5
35134,23059352.0
35135,6327148.0
35136,6414744.0
35137,6538283.5
35138,5761945.0
35139,9540114.0
35140,4915902.5
35141,5507107.0
35142,5315105.0
35143,8232336.5
35144,5073848.5
35145,8534430.0
35146,5981857.5
35147,3775317.5
35148,2999168.75
35149,10452650.0
35150,11057428.0
35151,6573180.0
35152,12201144.0
35153,6213765.5
35154,6627748.0
35155,6043262.0
35156,5019160.5
35157,3031750.75
35158,10238952.0
35159,10713220.0
35160,7186613.5
35161,7527480.5
35162,4991200.0
35163,4451124.0
35164,10223024.0
35165,7310496.0
35166,7209931.5
35167,4257917.5
35168,3847970.25
35169,8106206.0
35170,7399293.5
35171,2700503.5
35172,7584025.5
35173,14652048.0
35174,6354684.5
35175,8570554.0
35176,8666004.0
35177,8247033.0
35178,13473260.0
35179,6285286.5
35180,4715177.0
35181,4533822.5
35182,11581594.0
35183,9351302.0
35184,18458738.0
35185,4218303.0
35186,12534506.0
35187,6029657.5
35188,7751634.0
35189,7230353.0
35190,6948104.5
35191,10587726.0
35192,5179414.5
35193,6576946.0
35194,3823776.0
35195,10076210.0
35196,6612429.0
35197,6798099.5
35198,7488869.5
35199,5404089.0
35200,8672106.0
35201,6914906.5
35202,7265452.0
35203,6055600.5
35204,5804343.0
35205,7347666.0
35206,5285192.5
35207,4943892.5
35208,7779887.0
35209,6494032.5
35210,3491795.75
35211,9008452.0
35212,6148122.0
35213,7136452.5
35214,4042283.0
35215,6678379.0
35216,5965233.0
35217,6532280.5
35218,3584712.75
35219,8297667.0
35220,5971001.5
35221,8240389.0
35222,7196519.5
35223,9393576.0
35224,5157712.0
35225,8080115.5
35226,6401959.0
35227,5951349.0
35228,6822964.0
35229,5963856.0
35230,7585201.5
35231,6336222.0
35232,5306697.5
35233,6722608.5
35234,5321042.0
35235,3578746.5
35236,5647724.5
35237,5062609.5
35238,6055731.5
35239,7095416.0
35240,4967294.0
35241,3977530.75
35242,13601296.0
35243,7844665.0
35244,6236622.0
35245,5779477.0
35246,12066336.0
35247,4694669.5
35248,10344384.0
35249,5496293.5
35250,8406384.0
35251,2895269.75
35252,3787398.5
35253,4360215.0
35254,5086354.0
35255,5625165.5
35256,4257294.0
35257,3747392.75
35258,3533082.75
35259,11209428.0
35260,7562848.0
35261,4113291.75
35262,7454903.5
35263,5989981.0
35264,10442578.0
35265,9090520.0
35266,7255521.5
35267,4811528.0
35268,5100025.0
35269,5094908.0
35270,3290889.25
35271,4512048.0
35272,6594522.0
35273,3579733.0
35274,3433285.5
35275,6730602.0
35276,4360215.0
35277,7200383.5
35278,6436936.5
35279,7424633.5
35280,4081796.5
35281,4172381.0
35282,7242126.5
35283,10314626.0
35284,3824138.25
35285,3231747.5
35286,4902176.0
35287,7525051.5
35288,7452063.0
35289,13487522.0
35290,4897617.5
35291,14675440.0
35292,7385376.5
35293,6359507.5
35294,3979571.75
35295,6172317.0
35296,6567760.0
35297,6465491.5
35298,7147321.0
35299,9226000.0
35300,8989772.0
35301,9757824.0
35302,6984100.5
35303,4817373.5
35304,3724641.0
35305,8655130.0
35306,4583395.5
35307,6429600.5
35308,3858424.5
35309,6124570.0
35310,3381953.25
35311,1842538.5
35312,6519489.5
35313,3154564.0
35314,6314035.0
35315,9788360.0
35316,3566730.25
35317,5578758.0
35318,3918709.25
35319,6304400.5
35320,3259120.5
35321,4248755.0
35322,7534585.5
35323,3825204.75
35324,5039860.5
35325,2471773.0
35326,2762983.25
35327,5601699.0
35328,12589830.0
35329,7804002.5
35330,3236484.25
35331,9131960.0
35332,7507378.5
35333,5654691.0
35334,11248112.0
35335,2595527.0
35336,10865018.0
35337,7510445.0
35338,8599012.0
35339,8941836.0
35340,7068385.0
35341,6321603.0
35342,9006206.0
35343,11220394.0
35344,10477032.0
35345,5850466.5
35346,3413931.5
35347,3383346.0
35348,6549694.5
35349,5491935.0
35350,5302071.5
35351,9360390.0
35352,5797672.0
35353,5066691.0
35354,7872566.5
35355,15845902.0
35356,19720256.0
35357,6219274.5
35358,3876851.0
35359,12704928.0
35360,5781204.5
35361,4503391.5
35362,4858289.0
35363,6045627.5
35364,7178216.0
35365,9096052.0
35366,5366974.0
35367,5160659.5
35368,13367622.0
35369,6602702.5
35370,6353914.0
35371,7135894.5
35372,12298412.0
35373,5769284.5
35374,6033770.0
35375,7536666.5
35376,3383986.25
35377,4337362.5
35378,10858486.0
35379,6124659.5
35380,6217044.0
35381,6125711.0
35382,8084571.0
35383,5435796.5
35384,4646439.0
35385,6143511.0
35386,5919221.0
35387,10816102.0
35388,3321463.25
35389,7182709.5
35390,7232271.0
35391,6513196.0
35392,9712116.0
35393,7144607.0
35394,13627752.0
35395,7363856.5
35396,7143793.5
35397,6164906.5
35398,3262396.0
35399,4463665.0
35400,6776343.0
35401,6176238.5
35402,8411356.0
35403,8674896.0
35404,7400096.5
35405,5625587.0
35406,6387380.5
35407,10609322.0
35408,10619254.0
35409,7078934.5
35410,4819031.0
35411,9707912.0
35412,4045237.25
35413,14645284.0
35414,9002052.0
35415,4401160.5
35416,10801440.0
35417,7931789.0
35418,5087799.5
35419,7020416.5
35420,7717836.5
35421,7560386.5
35422,7918658.5
35423,4212783.5
35424,4889701.0
35425,4903060.0
35426,6177974.0
35427,6386584.0
35428,6091667.5
35429,4970114.0
35430,6948110.0
35431,7522681.5
35432,9346390.0
35433,7469877.0
35434,4277853.5
35435,6771662.5
35436,12283508.0
35437,9629430.0
35438,8244473.5
35439,6601090.0
35440,4862878.5
35441,3620114.75
35442,8554918.0
35443,12777354.0
35444,7859005.5
35445,10506114.0
35446,5280497.0
35447,8052719.5
35448,8554340.0
35449,5348185.0
35450,5018952.5
35451,9617278.0
35452,4352870.0
35453,5283625.0
35454,5437335.5
35455,18104330.0
35456,7688882.0
35457,5966962.0
35458,6012541.0
35459,6650003.0
35460,6696320.5
35461,7720743.0
35462,7612753.5
35463,10366738.0
35464,33863368.0
35465,6962474.5
35466,4079460.0
35467,9424864.0
35468,4760277.5
35469,3783963.75
35470,4916246.0
35471,8563984.0
35472,3448680.25
35473,5446470.0
35474,8893638.0
35475,8118078.0
35476,10445778.0
35477,4296720.5
35478,4442852.5
35479,7697022.5
35480,6179167.5
35481,3775077.5
35482,9495538.0
35483,6773374.0
35484,6467175.5
35485,5564474.0
35486,8418910.0
35487,7816159.5
35488,8057853.0
35489,6252132.0
35490,10320956.0
35491,3606445.0
35492,5425138.0
35493,12721714.0
35494,13349414.0
35495,14046294.0
35496,10636040.0
35497,7364003.5
35498,5816679.5
35499,9257018.0
35500,3171597.75
35501,20971954.0
35502,4721266.0
35503,4370273.0
35504,5353329.0
35505,10510084.0
35506,7104360.0
35507,7788391.5
35508,6083870.5
35509,10692502.0
35510,5907634.5
35511,4360045.0
35512,6908095.0
35513,14569354.0
35514,7780983.0
35515,6355639.5
35516,5487952.0
35517,12214432.0
35518,4970209.5
35519,6680373.0
35520,6763493.0
35521,7308828.5
35522,5365958.5
35523,9924956.0
35524,4213629.0
35525,9714174.0
35526,8747244.0
35527,6000578.0
35528,4615702.0
35529,3491833.5
35530,5911916.5
35531,11851890.0
35532,6616818.5
35533,4887159.0
35534,8340193.0
35535,9662080.0
35536,7842223.0
35537,3307269.75
35538,4567048.5
35539,7064491.5
35540,6259027.5
35541,3290889.25
35542,6142978.0
35543,5481911.5
35544,8072244.0
35545,6327593.0
35546,9645680.0
35547,4792733.5
35548,10965076.0
35549,6174950.0
35550,15933424.0
35551,7115829.0
35552,3302306.0
35553,7711088.0
35554,9251804.0
35555,9256566.0
35556,7545991.5
35557,8554400.0
35558,6932686.5
35559,7908857.5
35560,9406324.0
35561,9411322.0
35562,11650928.0
35563,6458437.5
35564,5164010.5
35565,4202524.0
35566,10344112.0
35567,6371765.5
35568,6790602.0
35569,9177122.0
35570,5824382.0
35571,9050880.0
35572,6945756.5
35573,7254589.5
35574,3533198.75
35575,9005132.0
35576,5480047.5
35577,6110687.5
35578,2609967.25
35579,4879103.0
35580,5246569.0
35581,7171230.5
35582,7354816.0
35583,7737978.0
35584,3317360.75
35585,7470367.5
35586,6428376.0
35587,4598070.5
35588,5835260.5
35589,6037922.5
35590,9877996.0
35591,4612445.5
35592,9008618.0
35593,4958202.0
35594,6531050.5
35595,7354168.0
35596,8895168.0
35597,12636542.0
35598,8405076.0
35599,9386956.0
35600,5097851.5
35601,9632342.0
35602,6467298.0
35603,5470237.0
35604,9434690.0
35605,6097761.0
35606,6615765.0
35607,6261812.5
35608,4603573.5
35609,2935624.0
35610,8066544.0
35611,5153326.5
35612,12547702.0
35613,5123185.5
35614,5102755.0
35615,3329898.75
35616,6569241.5
35617,2783057.25
35618,6303269.0
35619,4917226.5
35620,5299647.0
35621,11193266.0
35622,9009922.0
35623,8838520.0
35624,5509514.5
35625,5192155.0
35626,2832683.0
35627,4526176.5
35628,6923544.5
35629,3381953.25
35630,6054678.5
35631,6334109.0
35632,8135416.5
35633,5997955.0
35634,5520878.0
35635,5850426.0
35636,5879928.0
35637,4127017.25
35638,8650996.0
35639,4082964.5
35640,2720032.75
35641,9542952.0
35642,13213746.0
35643,11786942.0
35644,7358007.0
35645,3460961.5
35646,8719132.0
35647,6168273.5
35648,7271180.5
35649,10347414.0
35650,3609844.25
35651,6280563.5
35652,5543104.0
35653,4879197.0
35654,4769654.0
35655,3308621.5
35656,3823437.25
35657,8222589.0
35658,9276874.0
35659,3761498.0
35660,5063007.5
35661,7813476.5
35662,4207988.5
35663,4515430.0
35664,7708001.5
35665,8686666.0
35666,7083260.5
35667,6235330.0
35668,4314058.0
35669,3498974.5
35670,6072701.5
35671,3814681.25
35672,10187044.0
35673,6025749.0
35674,5674920.0
35675,10249166.0
35676,5725505.5
35677,5904101.0
35678,7717072.5
35679,4421090.0
35680,15194838.0
35681,8875916.0
35682,6861561.5
35683,10054626.0
35684,3613928.0
35685,6806987.5
35686,6907566.0
35687,12068072.0
35688,4197711.0
35689,9204976.0
35690,6099290.0
35691,8878930.0
35692,5785462.0
35693,6995664.5
35694,7012851.0
35695,7337053.0
35696,3864861.5
35697,9069072.0
35698,5400607.0
35699,7920184.5
35700,6593031.5
35701,8063144.0
35702,6220498.0
35703,5245442.0
35704,6629750.0
35705,8491266.0
35706,3799566.25
35707,7240148.0
35708,5309665.0
35709,3580756.75
35710,10397900.0
35711,6332489.0
35712,4576135.5
35713,12806224.0
35714,6568086.5
35715,7140881.5
35716,8177603.0
35717,10140704.0
35718,7746049.0
35719,5797615.0
35720,3458843.25
35721,8136469.0
35722,6096431.0
35723,3592691.0
35724,5221937.5
35725,4356975.0
35726,6416129.0
35727,11003792.0
35728,8809430.0
35729,4898320.5
35730,6452048.5
35731,13855980.0
35732,9451436.0
35733,6793009.0
35734,4808773.0
35735,11952062.0
35736,5514462.5
35737,5501457.0
35738,6039027.0
35739,5521108.0
35740,7514940.0
35741,10739322.0
35742,4246555.0
35743,8842944.0
35744,6159168.5
35745,4351623.0
35746,9134704.0
35747,4481724.0
35748,4479740.5
35749,6647819.5
35750,4728709.5
35751,13682984.0
35752,5003288.0
35753,8973104.0
35754,5394923.5
35755,4770291.5
35756,8674296.0
35757,3469270.25
35758,3774907.0
35759,8014652.5
35760,4479761.5
35761,5888516.0
35762,9096780.0
35763,17673042.0
35764,8552042.0
35765,7469082.5
35766,4169589.75
35767,7197317.5
35768,3839816.0
35769,4950914.5
35770,4885014.5
35771,4550178.0
35772,6064481.0
35773,5537079.0
35774,4170717.5
35775,5353497.5
35776,5552463.0
35777,6774566.5
35778,13361992.0
35779,8234728.5
35780,9184158.0
35781,16083994.0
35782,7643386.5
35783,3524234.25
35784,9166412.0
35785,12626270.0
35786,9396538.0
35787,3981894.0
35788,9871888.0
35789,5876004.0
35790,4851653.5
35791,6357338.0
35792,4619452.5
35793,3477879.75
35794,12370080.0
35795,5094582.0
35796,5535634.5
35797,8263239.0
35798,3184219.0
35799,8454078.0
35800,8257503.5
35801,4084363.0
35802,13105310.0
35803,3449635.25
35804,5284143.0
35805,3978939.5
35806,6119819.0
35807,6317787.0
35808,7184928.5
35809,9437670.0
35810,5737897.5
35811,3585233.5
35812,9412968.0
35813,5055824.0
35814,6870739.0
35815,9663740.0
35816,12423694.0
35817,4949734.0
35818,6452178.5
35819,8759610.0
35820,6328949.0
35821,4686433.0
35822,7188666.0
35823,6352647.0
35824,10496710.0
35825,5873889.0
35826,8447064.0
35827,8772696.0
35828,8355915.0
35829,3691943.75
35830,4707524.0
35831,7106294.5
35832,7817550.0
35833,6496426.0
35834,4267155.5
35835,5931929.5
35836,9148126.0
35837,6307260.5
35838,7106960.0
35839,7276793.0
35840,4680828.5
35841,6241213.5
35842,15757254.0
35843,4595762.0
35844,6257256.0
35845,13127794.0
35846,12283906.0
35847,8391650.0
35848,6399850.0
35849,3750762.5
35850,6194479.0
35851,7816263.5
35852,7524995.0
35853,4623391.0
35854,7810920.5
35855,5599084.5
35856,5836855.5
35857,5153717.0
35858,5093703.5
35859,6442317.0
35860,7879783.5
35861,5965868.0
35862,11964912.0
35863,7918522.0
35864,6719996.5
35865,8433146.0
35866,7920081.0
35867,5916616.0
35868,6875341.5
35869,8013885.0
35870,10350306.0
35871,5873812.0
35872,7587772.5
35873,9486794.0
35874,6513891.5
35875,6161298.0
35876,3290889.25
35877,5672840.5
35878,6980880.0
35879,4840014.0
35880,9128130.0
35881,6055667.5
35882,11035670.0
35883,6837420.5
35884,4041033.75
35885,7793972.5
35886,3661511.0
35887,4768375.5
35888,10805466.0
35889,17921986.0
35890,9032002.0
35891,5037313.0
35892,6361386.5
35893,4766463.0
35894,9879578.0
35895,4297523.0
35896,2664389.75
35897,6808505.5
35898,5467909.5
35899,8456514.0
35900,3914676.75
35901,8533060.0
35902,3544152.75
35903,6003514.5
35904,5029088.5
35905,5174218.0
35906,14341336.0
35907,4561999.0
35908,10415160.0
35909,8322225.0
35910,5662796.5
35911,7158862.0
35912,4585028.0
35913,8413650.0
35914,6314333.0
35915,6262045.0
35916,5697728.5
35917,6410236.5
35918,9623982.0
35919,4755971.0
35920,5319774.5
35921,6026643.5
35922,4752875.5
35923,4540252.0
35924,6020141.0
35925,24282594.0
35926,7613001.5
35927,3719691.25
35928,3491795.75
35929,5544862.0
35930,6819358.0
35931,7692500.0
35932,4124034.5
35933,5896926.0
35934,3336096.25
35935,8270257.0
35936,12101006.0
35937,8608956.0
35938,5783943.0
35939,5144913.0
35940,7729146.5
35941,8817682.0
35942,4520915.5
35943,7134049.5
35944,4012344.0
35945,5709392.5
35946,6156156.0
35947,12264614.0
35948,3049378.0
35949,7543768.0
35950,7364003.5
35951,10520328.0
35952,6595328.5
35953,6316287.5
35954,5552425.0
35955,14540340.0
35956,5693114.5
35957,6942305.0
35958,9502006.0
35959,5993278.0
35960,8647438.0
35961,5148019.0
35962,11337588.0
35963,7906130.0
35964,4626872.5
35965,6499389.5
35966,5695464.5
35967,10390940.0
35968,8800710.0
35969,6572727.0
35970,11103566.0
35971,7065328.0
35972,6194486.5
35973,9290310.0
35974,7192875.5
35975,3909848.75
35976,6314660.0
35977,5554219.5
35978,4161922.25
35979,6194585.0
35980,8988004.0
35981,6435936.0
35982,6176638.5
35983,15667776.0
35984,11811306.0
35985,8010227.5
35986,4775213.0
35987,3415598.5
35988,20773962.0
35989,10210280.0
35990,7652527.0
35991,12422520.0
35992,4660863.0
35993,5470710.5
35994,3872431.0
35995,7715560.5
35996,5956397.0
35997,4756711.0
35998,5762459.5
35999,10555298.0
36000,7134747.0
36001,9462212.0
36002,10102924.0
36003,10569074.0
36004,7308903.0
36005,5828303.5
36006,8382390.0
36007,3907612.0
36008,3322199.5
36009,8079806.0
36010,10291546.0
36011,15261020.0
36012,5961921.0
36013,4700677.0
36014,5253440.5
36015,6239131.0
36016,5522809.0
36017,10372886.0
36018,4147967.0
36019,6346325.5
36020,9377092.0
36021,11945420.0
36022,7799725.0
36023,6111581.0
36024,5433013.0
36025,8316748.5
36026,5330545.0
36027,5982693.0
36028,7093901.5
36029,6926249.5
36030,6874984.5
36031,6665024.5
36032,6704177.5
36033,5901009.5
36034,7819078.0
36035,6413316.0
36036,6518189.0
36037,6131463.5
36038,5903898.0
36039,5397319.0
36040,5264501.0
36041,5980698.0
36042,5819405.5
36043,6402749.0
36044,8683146.0
36045,5840896.5
36046,3791426.25
36047,9234712.0
36048,5170481.5
36049,7343991.0
36050,10844026.0
36051,7742755.5
36052,6397322.0
36053,8831750.0
36054,6056756.5
36055,3060469.0
36056,11216712.0
36057,4216189.5
36058,6179771.5
36059,5456497.0
36060,8870272.0
36061,6350922.0
36062,11602062.0
36063,6839788.0
36064,3858424.5
36065,8156497.5
36066,6273121.5
36067,10258130.0
36068,4614436.0
36069,4236015.0
36070,12325494.0
36071,8519576.0
36072,6323047.5
36073,10551406.0
36074,5978009.5
36075,7160863.0
36076,5794708.5
36077,8685026.0
36078,1900365.375
36079,6633537.0
36080,6646501.0
36081,5560145.5
36082,4635764.5
36083,6340661.0
36084,5232951.0
36085,5627946.5
36086,6634585.0
36087,3846716.25
36088,8472200.0
36089,7459795.5
36090,5166012.5
36091,6496991.5
36092,11520392.0
36093,8213691.0
36094,3372693.25
36095,5756524.5
36096,9157390.0
36097,6870316.5
36098,6378791.5
36099,4354486.5
36100,8085015.5
36101,8020339.5
36102,15292078.0
36103,7848635.0
36104,3326837.5
36105,10392440.0
36106,7970921.5
36107,14269664.0
36108,8411448.0
36109,6788789.5
36110,6410298.5
36111,4911142.5
36112,2658221.0
36113,10083372.0
36114,8948508.0
36115,6799619.0
36116,5329613.5
36117,5547944.0
36118,6022685.0
36119,7112982.5
36120,7911751.0
36121,4819031.0
36122,4245559.0
36123,8872666.0
36124,11995096.0
36125,2511654.0
36126,7573216.5
36127,5953411.0
36128,6140395.0
36129,6437584.0
36130,6047959.0
36131,6740433.0
36132,11473738.0
36133,7197618.5
36134,5741037.0
36135,12501406.0
36136,8653472.0
36137,5596770.5
36138,11157860.0
36139,6813506.0
36140,5058883.0
36141,6320918.0
36142,5795527.0
36143,7479814.5
36144,3181283.0
36145,10540004.0
36146,3624168.5
36147,5775585.5
36148,6485584.0
36149,6157356.5
36150,4910545.0
36151,3919985.75
36152,8684636.0
36153,8207333.5
36154,23150008.0
36155,5365958.5
36156,9456870.0
36157,5397582.0
36158,7232668.5
36159,6147703.5
36160,8618286.0
36161,5253463.0
36162,3307269.75
36163,9032338.0
36164,2510917.0
36165,8215784.0
36166,9147116.0
36167,5911349.0
36168,5704156.0
36169,5422803.0
36170,9250940.0
36171,9058492.0
36172,7876068.5
36173,13706798.0
36174,5608206.5
36175,5385278.0
36176,2957331.75
36177,6648383.0
36178,7773392.5
36179,7726943.5
36180,3893444.25
36181,7249420.5
36182,8878394.0
36183,4113948.25
36184,14769428.0
36185,5754524.5
36186,5010557.5
36187,7100035.5
36188,6803962.0
36189,9426794.0
36190,4552282.0
36191,4078746.25
36192,8488566.0
36193,16679846.0
36194,8324689.5
36195,5777051.5
36196,6251467.0
36197,7759983.0
36198,7838220.0
36199,13502552.0
36200,8579692.0
36201,6170577.5
36202,4611137.5
36203,3271220.75
36204,7329517.0
36205,5476994.5
36206,7380475.5
36207,5751464.5
36208,8679348.0
36209,8469160.0
36210,5710083.5
36211,10237568.0
36212,8733598.0
36213,4008243.75
36214,5063377.5
36215,10642420.0
36216,4514983.5
36217,6413797.5
36218,7210845.5
36219,3814184.25
36220,7583593.0
36221,6969642.5
36222,7228962.5
36223,6661347.5
36224,5444728.0
36225,4369699.0
36226,5120359.0
36227,5948681.0
36228,3596870.25
36229,9469736.0
36230,4256736.5
36231,4273398.0
36232,8382016.5
36233,10376376.0
36234,9119326.0
36235,5817506.5
36236,20237400.0
36237,5010212.5
36238,6270048.5
36239,5667619.5
36240,7763426.5
36241,5899180.0
36242,11945016.0
36243,7077477.0
36244,8280575.5
36245,3711080.25
36246,9498482.0
36247,11431642.0
36248,5305267.5
36249,7528971.0
36250,8692164.0
36251,4281116.5
36252,6242281.5
36253,8292018.0
36254,5464568.5
36255,3988120.0
36256,6329466.0
36257,5422593.5
36258,6240299.5
36259,6485306.0
36260,4887372.5
36261,4732988.0
36262,7058403.5
36263,6201982.5
36264,6108022.0
36265,5692213.0
36266,6685772.5
36267,7347576.0
36268,12288718.0
36269,8599874.0
36270,6139793.5
36271,8677830.0
36272,2840074.0
36273,6311207.0
36274,6240403.0
36275,8560222.0
36276,5155499.5
36277,7193405.5
36278,4934641.0
36279,5748436.0
36280,6160707.0
36281,7475264.5
36282,4472946.0
36283,4818687.5
36284,12586748.0
36285,5965872.0
36286,5242557.5
36287,8733372.0
36288,6057477.0
36289,8663432.0
36290,13658946.0
36291,5847463.0
36292,6822211.0
36293,9729988.0
36294,15092164.0
36295,4840653.0
36296,6228488.0
36297,6519974.5
36298,11889200.0
36299,6428796.5
36300,3670610.5
36301,5891477.5
36302,7701904.5
36303,11008476.0
36304,7585986.5
36305,5998592.5
36306,10024948.0
36307,5277457.5
36308,7417651.5
36309,12112364.0
36310,3572656.5
36311,6745420.0
36312,7446490.0
36313,5701020.0
36314,5065842.0
36315,6919816.5
36316,5761644.5
36317,6272297.5
36318,3428823.5
36319,7116193.5
36320,5660932.0
36321,3611556.75
36322,6956328.5
36323,5007155.0
36324,14893470.0
36325,9478868.0
36326,4139809.0
36327,5982946.0
36328,9964964.0
36329,5184982.0
36330,6863660.5
36331,7369426.5
36332,7474650.5
36333,6226216.5
36334,7942325.5
36335,6992626.0
36336,6838711.5
36337,13224554.0
36338,6538868.5
36339,5968637.5
36340,5956896.0
36341,2292788.5
36342,13859604.0
36343,7355845.0
36344,6276466.5
36345,10463882.0
36346,5006567.5
36347,6117610.5
36348,5028262.5
36349,8210916.0
36350,37346788.0
36351,5237234.5
36352,5216696.5
36353,6126494.5
36354,4607741.5
36355,7308877.5
36356,6761515.5
36357,9055914.0
36358,7506497.0
36359,7573238.5
36360,5517403.0
36361,5268662.0
36362,9734002.0
36363,5775972.5
36364,5243405.5
36365,5488585.5
36366,7381876.0
36367,7757232.5
36368,8326824.0
36369,8587116.0
36370,4668502.0
36371,7944340.0
36372,10995876.0
36373,9432290.0
36374,4578853.5
36375,5849601.0
36376,7239987.5
36377,6671660.0
36378,10299260.0
36379,6165317.0
36380,10873302.0
36381,6029034.5
36382,8425466.0
36383,7584025.5
36384,6028721.5
36385,8936090.0
36386,6953883.0
36387,7322458.0
36388,6830071.0
36389,9092960.0
36390,5944310.5
36391,6078553.0
36392,4731209.0
36393,23196130.0
36394,3565467.75
36395,8095347.5
36396,7333461.0
36397,5450838.0
36398,7121401.5
36399,11422878.0
36400,7215310.5
36401,5177578.0
36402,10348178.0
36403,6785554.5
36404,7162065.0
36405,6820276.0
36406,12605378.0
36407,9011694.0
36408,7022380.0
36409,6580143.5
36410,8934610.0
36411,3791321.5
36412,5487133.5
36413,5850562.0
36414,6504465.5
36415,6271047.0
36416,6490915.0
36417,9069910.0
36418,5194622.0
36419,4388032.0
36420,6200830.0
36421,4602683.5
36422,8247014.0
36423,7043600.0
36424,5433376.0
36425,4642321.5
36426,4025521.0
36427,3418322.0
36428,12929908.0
36429,6118364.5
36430,8507536.0
36431,5052744.0
36432,9991484.0
36433,6660973.0
36434,6766614.5
36435,6722344.0
36436,3865068.75
36437,8149004.5
36438,19083134.0
36439,3672129.75
36440,5720371.0
36441,5710804.5
36442,10339018.0
36443,9943918.0
36444,5101454.5
36445,12471294.0
36446,7267908.5
36447,4764836.5
36448,12440664.0
36449,29637704.0
36450,6361532.0
36451,10995372.0
36452,4367109.5
36453,10938920.0
36454,3222080.75
36455,5213734.5
36456,5307599.0
36457,6508270.0
36458,27655564.0
36459,9813046.0
36460,13439392.0
36461,4249341.5
36462,5562220.5
36463,5113381.5
36464,9485694.0
36465,7629720.0
36466,6056137.0
36467,3612836.5
36468,5235377.5
36469,7343957.5
36470,9952982.0
36471,10075032.0
36472,8059072.5
36473,5547518.0
36474,4141146.5
36475,5722769.0
36476,5401407.0
36477,6211826.5
36478,8139885.0
36479,4583223.0
36480,8309830.0
36481,6935570.5
36482,6595631.0
36483,6198730.5
36484,8078577.5
36485,10847512.0
36486,6942750.0
36487,9472670.0
36488,5864434.5
36489,6508832.0
36490,7246498.0
36491,10953562.0
36492,7117595.0
36493,6157057.5
36494,9374414.0
36495,5202276.0
36496,6094401.0
36497,5321467.0
36498,7279286.5
36499,9993450.0
36500,5090030.0
36501,8252095.0
36502,8237169.5
36503,6434542.5
36504,6307402.0
36505,7308935.0
36506,10894864.0
36507,11132592.0
36508,5472237.0
36509,7875057.5
36510,11978316.0
36511,5307798.5
36512,4362153.5
36513,14619414.0
36514,7824675.0
36515,12723382.0
36516,3582077.25
36517,5747139.0
36518,8405134.0
36519,5830996.0
36520,7501829.5
36521,5593383.5
36522,4021560.0
36523,7127687.5
36524,5334489.0
36525,5547553.0
36526,3542492.5
36527,7012665.5
36528,5141092.5
36529,7776769.0
36530,21559646.0
36531,5477244.5
36532,5966241.5
36533,8018953.0
36534,13207412.0
36535,20233478.0
36536,4877672.5
36537,4684484.0
36538,12140314.0
36539,7522767.5
36540,6698693.0
36541,5255302.0
36542,5492012.0
36543,6088937.5
36544,7127580.0
36545,5880195.5
36546,5288727.0
36547,11999986.0
36548,10179004.0
36549,5913124.5
36550,7013707.5
36551,6215375.0
36552,3953667.0
36553,6430559.0
36554,10111630.0
36555,5475420.5
36556,4155584.0
36557,7191117.0
36558,3282552.75
36559,5200729.0
36560,8243353.0
36561,4569511.5
36562,5496429.5
36563,6865455.5
36564,6899767.5
36565,7842795.5
36566,2775942.0
36567,5941457.5
36568,12091098.0
36569,5674784.5
36570,6371496.5
36571,13761798.0
36572,4993281.0
36573,5989742.0
36574,4725676.5
36575,8289140.5
36576,7127146.5
36577,5113000.0
36578,7721250.5
36579,3646759.5
36580,9168796.0
36581,4054433.0
36582,4712415.0
36583,5789407.0
36584,6023429.0
36585,5989454.0
36586,8079865.0
36587,13344952.0
36588,17240984.0
36589,6918584.0
36590,7646610.5
36591,5569367.5
36592,6383305.0
36593,5094198.5
36594,5548402.0
36595,7486504.5
36596,5837506.0
36597,5098529.0
36598,3847082.75
36599,4309795.5
36600,5724645.5
36601,5056655.0
36602,6306844.5
36603,4933963.0
36604,10934904.0
36605,10385376.0
36606,6832630.0
36607,6903182.5
36608,3820289.75
36609,10381184.0
36610,6666145.5
36611,7208997.0
36612,7142600.0
36613,8817066.0
36614,6007762.5
36615,13149120.0
36616,5378013.0
36617,6176927.0
36618,5114236.0
36619,8816830.0
36620,3794452.5
36621,5498833.0
36622,11304276.0
36623,7572539.5
36624,5881560.0
36625,9972620.0
36626,7512474.5
36627,5439838.5
36628,6237817.0
36629,8484628.0
36630,4821474.0
36631,4789728.0
36632,6351083.0
36633,7722574.0
36634,12224284.0
36635,11430976.0
36636,10378086.0
36637,12356418.0
36638,6409141.0
36639,4214647.5
36640,2443607.0
36641,7263596.0
36642,8443128.0
36643,5694352.5
36644,8816062.0
36645,11032890.0
36646,6695694.5
36647,9123332.0
36648,9748084.0
36649,5705885.0
36650,5091327.0
36651,7132441.5
36652,9148672.0
36653,7654388.0
36654,12038272.0
36655,8800930.0
36656,10619404.0
36657,6044265.0
36658,3744381.5
36659,4671726.5
36660,6477130.5
36661,8359856.5
36662,7257585.5
36663,13296678.0
36664,7500266.5
36665,5960005.5
36666,3883241.5
36667,4717748.0
36668,3928653.0
36669,8943816.0
36670,6098503.5
36671,11774008.0
36672,4606063.5
36673,5853978.5
36674,10343460.0
36675,5669155.0
36676,7747843.0
36677,17498544.0
36678,6835638.5
36679,8589246.0
36680,6962137.0
36681,6159317.5
36682,9109312.0
36683,7071993.5
36684,6308565.0
36685,7985970.0
36686,8213772.5
36687,10649572.0
36688,7406536.0
36689,7195803.0
36690,4745728.0
36691,7411230.0
36692,12262840.0
36693,4037893.75
36694,6405730.0
36695,7997043.0
36696,7693391.0
36697,8833756.0
36698,9626680.0
36699,6449720.0
36700,4409185.5
36701,5906557.0
36702,6562406.0
36703,6203200.0
36704,6126503.5
36705,7342729.0
36706,6206789.0
36707,3639624.75
36708,7599770.5
36709,7450023.0
36710,6925905.5
36711,4571607.0
36712,5680405.5
36713,6374887.0
36714,6173977.0
36715,8974784.0
36716,6966279.5
36717,10131842.0
36718,4626035.0
36719,15635946.0
36720,7449156.0
36721,4576607.0
36722,6643810.0
36723,4603116.0
36724,9815846.0
36725,6591279.5
36726,5921447.5
36727,11037502.0
36728,5267147.0
36729,3502508.5
36730,7178551.5
36731,6342118.0
36732,6244466.0
36733,8684992.0
36734,11798206.0
36735,10377588.0
36736,7235429.0
36737,8530476.0
36738,10375090.0
36739,6424614.5
36740,5480263.5
36741,4923165.0
36742,17420062.0
36743,6140789.0
36744,8491738.0
36745,4841778.5
36746,8195271.0
36747,9737098.0
36748,5009714.0
36749,7118645.5
36750,14543038.0
36751,6077896.0
36752,8566326.0
36753,6553122.5
36754,9370906.0
36755,5213297.0
36756,6601425.5
36757,13405228.0
36758,6268687.0
36759,4238234.5
36760,5792864.0
36761,8586264.0
36762,9018932.0
36763,3723456.25
36764,6550327.5
36765,7238752.5
36766,17268348.0
36767,4276756.0
36768,12140280.0
36769,5342164.5
36770,31511550.0
36771,5826377.0
36772,7912899.5
36773,7545315.5
36774,4048135.5
36775,8384180.0
36776,11595554.0
36777,7831630.5
36778,11298170.0
36779,5910170.0
36780,5664655.0
36781,5788703.0
36782,6748510.5
36783,5701660.0
36784,5887552.5
36785,5323932.0
36786,5675911.5
36787,6336414.5
36788,4236138.5
36789,6499041.0
36790,5442042.5
36791,6024393.5
36792,10444368.0
36793,5282816.5
36794,3509174.75
36795,8086277.0
36796,8431346.0
36797,8575218.0
36798,5442476.5
36799,4822518.0
36800,10147968.0
36801,6230528.0
36802,6255105.0
36803,10626372.0
36804,5283455.0
36805,4943681.5
36806,9237018.0
36807,7482740.0
36808,3665195.5
36809,14956600.0
36810,5891524.5
36811,4503384.0
36812,3318580.75
36813,5491913.0
36814,9310568.0
36815,16616424.0
36816,6383687.5
36817,4848815.0
36818,6655065.5
36819,5967180.5
36820,4820754.5
36821,6010884.0
36822,11356292.0
36823,6925137.0
36824,4486058.0
36825,11557934.0
36826,4376464.0
36827,7805159.5
36828,7763051.5
36829,6174443.0
36830,9495076.0
36831,11597858.0
36832,5954269.5
36833,9271082.0
36834,6367730.5
36835,3606266.5
36836,4846566.5
36837,5484891.5
36838,6422400.5
36839,11938342.0
36840,5013402.5
36841,8813438.0
36842,7163893.5
36843,6346810.5
36844,6144528.5
36845,8520450.0
36846,9705402.0
36847,5166818.0
36848,8087997.5
36849,7856476.0
36850,7552285.5
36851,6317115.5
36852,5727297.0
36853,6553493.0
36854,11900004.0
36855,7776572.0
36856,3491915.0
36857,7179148.5
36858,5337025.5
36859,3617211.25
36860,8516074.0
36861,3467651.5
36862,7566150.0
36863,4663877.5
36864,12954000.0
36865,5862957.0
36866,8553320.0
36867,6089986.5
36868,4790288.5
36869,3728397.0
36870,6655340.5
36871,6207425.5
36872,7193107.0
36873,10691004.0
36874,9583160.0
36875,6938944.5
36876,3470498.5
36877,8086681.0
36878,15171676.0
36879,7889274.0
36880,3514341.75
36881,12547800.0
36882,8757292.0
36883,4879812.5
36884,7196589.5
36885,3851559.75
36886,7687960.5
36887,9237364.0
36888,6059500.5
36889,5412440.5
36890,8334176.0
36891,6224487.0
36892,5497106.0
36893,5400631.5
36894,4445182.0
36895,14134270.0
36896,6614373.5
36897,5558814.5
36898,10230328.0
36899,8823664.0
36900,6870498.0
36901,3750468.75
36902,5652979.0
36903,14486220.0
36904,6345582.5
36905,4574700.0
36906,5246943.0
36907,6939184.0
36908,10433666.0
36909,9865132.0
36910,6324821.5
36911,6608832.5
36912,11768598.0
36913,9377316.0
36914,7084200.5
36915,5675033.0
36916,25569724.0
36917,6453818.0
36918,9096494.0
36919,5606125.5
36920,5310251.0
36921,7697737.5
36922,5818156.5
36923,7793116.0
36924,7007982.5
36925,6110077.0
36926,6400812.0
36927,12191154.0
36928,3686946.25
36929,5256767.5
36930,8819804.0
36931,7237309.5
36932,10164174.0
36933,9664480.0
36934,8252894.5
36935,9982378.0
36936,5001829.0
36937,9026216.0
36938,6738859.0
36939,5907620.5
36940,8492860.0
36941,4285057.0
36942,5711354.5
36943,4438687.5
36944,7758645.5
36945,11180496.0
36946,7588665.5
36947,3810660.0
36948,5387464.5
36949,12344792.0
36950,5423151.5
36951,18470224.0
36952,9083390.0
36953,15527598.0
36954,4124182.75
36955,5116669.0
36956,7155313.5
36957,6510700.5
36958,6618353.5
36959,8776486.0
36960,9484020.0
36961,6144316.0
36962,5904300.0
36963,6609218.5
36964,12860716.0
36965,6312198.5
36966,6703190.5
36967,7587628.0
36968,5019450.5
36969,6180397.5
36970,5668198.0
36971,14252008.0
36972,5403901.0
36973,9111706.0
36974,7446183.5
36975,5842667.5
36976,15911340.0
36977,5233053.0
36978,7189358.0
36979,4044851.5
36980,6833267.0
36981,3954678.75
36982,5075129.5
36983,6890510.0
36984,5268350.0
36985,5357552.5
36986,5050543.0
36987,9111862.0
36988,8088850.0
36989,3225347.25
36990,7060239.0
36991,8116113.5
36992,7313182.5
36993,5612097.0
36994,7109380.0
36995,7165477.0
36996,8133244.5
36997,8513248.0
36998,11287400.0
36999,6302029.5
37000,8030738.0
37001,7925749.0
37002,5834966.5
37003,8694038.0
37004,11002444.0
37005,5328952.0
37006,7789754.0
37007,7187596.5
37008,5082322.5
37009,6302148.0
37010,6391185.5
37011,7231603.5
37012,6587229.0
37013,7730304.0
37014,7776850.5
37015,8545658.0
37016,8808146.0
37017,9822992.0
37018,6467954.0
37019,4924666.5
37020,3284567.5
37021,10385330.0
37022,5168850.0
37023,4110081.5
37024,10872652.0
37025,5419746.0
37026,5938583.5
37027,5081029.5
37028,3041587.75
37029,14148514.0
37030,7450595.5
37031,5931685.0
37032,11188906.0
37033,38120976.0
37034,11613532.0
37035,13569064.0
37036,11575582.0
37037,8662972.0
37038,3953454.25
37039,6828221.0
37040,8696100.0
37041,8492994.0
37042,4509909.5
37043,7203092.0
37044,9775278.0
37045,5781911.0
37046,6215864.5
37047,12263838.0
37048,5336299.5
37049,4322232.0
37050,6769299.5
37051,7854124.5
37052,6025902.0
37053,9082144.0
37054,7633080.5
37055,5142579.5
37056,4632624.5
37057,5968075.0
37058,6040070.5
37059,8453444.0
37060,6301021.5
37061,5485027.0
37062,6792607.0
37063,11040026.0
37064,13307624.0
37065,7649135.5
37066,5576067.5
37067,3959405.5
37068,12926948.0
37069,6289245.5
37070,6367733.5
37071,9418964.0
37072,7429968.0
37073,5873830.5
37074,9603836.0
37075,5607805.0
37076,26962948.0
37077,5842478.0
37078,6047119.0
37079,5186588.5
37080,3659369.0
37081,3614709.25
37082,5414239.0
37083,3060542.75
37084,5292450.5
37085,4302557.5
37086,5724744.0
37087,6652008.5
37088,8374835.5
37089,11579058.0
37090,5982561.5
37091,8327810.5
37092,6954508.0
37093,6099882.5
37094,7814702.5
37095,6048011.0
37096,3700142.25
37097,9022108.0
37098,6601873.5
37099,6817710.5
37100,7259596.5
37101,7192117.0
37102,6135037.0
37103,5848312.5
37104,6111430.5
37105,10233112.0
37106,5821030.5
37107,5876403.5
37108,5939990.0
37109,7166154.0
37110,7579803.0
37111,5401293.5
37112,7878632.5
37113,5385538.0
37114,7457474.5
37115,12714772.0
37116,5215657.0
37117,5949628.5
37118,3888584.5
37119,13189666.0
37120,5635516.0
37121,7763706.0
37122,7980350.5
37123,5552503.5
37124,6204745.0
37125,8680308.0
37126,8532910.0
37127,5509356.5
37128,8411132.0
37129,6061342.5
37130,4147379.75
37131,8935638.0
37132,5895398.5
37133,6569969.5
37134,12602982.0
37135,4470966.0
37136,6580639.0
37137,6554219.5
37138,5045142.0
37139,5970976.5
37140,4091090.25
37141,6759464.5
37142,6257427.5
37143,14699482.0
37144,9506142.0
37145,3661238.0
37146,6352732.5
37147,4832994.5
37148,8039876.5
37149,7721089.5
37150,11681666.0
37151,12252552.0
37152,12330496.0
37153,6150261.5
37154,8398116.0
37155,12631886.0
37156,10407702.0
37157,10124078.0
37158,4807349.5
37159,6014547.5
37160,7935166.0
37161,8762744.0
37162,6995969.5
37163,4116175.5
37164,8587992.0
37165,8858232.0
37166,4972265.0
37167,5794237.5
37168,7564944.0
37169,9963962.0
37170,6786026.0
37171,9132494.0
37172,7304393.0
37173,4088372.75
37174,7757656.5
37175,13864456.0
37176,6442878.0
37177,5095153.0
37178,8106366.0
37179,5212636.5
37180,5047566.0
37181,6006041.0
37182,8402700.0
37183,6604038.5
37184,6631705.0
37185,5538182.0
37186,7082382.5
37187,4635687.0
37188,4801763.0
37189,5133816.5
37190,6170098.0
37191,7564233.5
37192,10750958.0
37193,9067142.0
37194,5278734.0
37195,8378539.0
37196,5367816.5
37197,6302950.0
37198,22584162.0
37199,6828982.5
37200,6084034.5
37201,9077758.0
37202,12839552.0
37203,6970022.0
37204,6323906.5
37205,7158650.0
37206,10660912.0
37207,6624634.0
37208,8931214.0
37209,5423456.0
37210,10155886.0
37211,5943674.0
37212,12811060.0
37213,7470248.0
37214,10062930.0
37215,8079833.0
37216,8003729.5
37217,10335456.0
37218,5454536.0
37219,8921264.0
37220,8176242.0
37221,2880664.0
37222,11784008.0
37223,3553584.25
37224,4261631.5
37225,4562403.5
37226,10277608.0
37227,13547760.0
37228,5958019.5
37229,3661674.75
37230,5454232.5
37231,7221953.5
37232,15003802.0
37233,5324330.5
37234,6031204.5
37235,14575784.0
37236,4989023.0
37237,7521466.5
37238,6055943.5
37239,7084593.5
37240,7061067.5
37241,6228022.5
37242,7812328.0
37243,4578499.0
37244,5583343.0
37245,4009451.5
37246,5561834.0
37247,8047604.0
37248,9419444.0
37249,4784749.5
37250,6075368.5
37251,6453931.0
37252,5579485.5
37253,2705732.5
37254,6087603.0
37255,9362900.0
37256,8401158.0
37257,6739672.0
37258,6731165.0
37259,9732538.0
37260,6966440.5
37261,6662173.5
37262,7239708.5
37263,7091244.0
37264,6054010.0
37265,6170772.5
37266,15179244.0
37267,6414244.5
37268,3973128.75
37269,5858130.0
37270,6375854.5
37271,6359457.5
37272,4764289.5
37273,3795426.75
37274,5376320.0
37275,8243396.0
37276,9520516.0
37277,7860162.5
37278,6031578.0
37279,8492650.0
37280,7368042.5
37281,5026334.5
37282,9656144.0
37283,5171946.0
37284,7038345.0
37285,3580433.0
37286,3522164.75
37287,10685294.0
37288,5766100.5
37289,4751559.0
37290,5280140.0
37291,5998312.0
37292,8545810.0
37293,4769379.0
37294,12055648.0
37295,6246898.0
37296,5993212.5
37297,3787737.5
37298,6653424.5
37299,6246643.5
37300,8153918.0
37301,4480234.0
37302,8082612.0
37303,9514100.0
37304,5488068.5
37305,5748775.5
37306,3975846.75
37307,5739557.5
37308,8242312.5
37309,7029126.5
37310,6276478.5
37311,6999857.0
37312,4423423.0
37313,8618324.0
37314,10553166.0
37315,8559778.0
37316,7300178.0
37317,6674377.0
37318,5183692.0
37319,4785448.5
37320,8675092.0
37321,7703746.0
37322,8742890.0
37323,11910764.0
37324,6024563.5
37325,5761483.5
37326,5837882.0
37327,8821638.0
37328,5808192.0
37329,5979919.0
37330,5944457.5
37331,4481628.5
37332,15387346.0
37333,5660038.0
37334,4099172.25
37335,6230447.0
37336,8548136.0
37337,5096345.5
37338,4133465.0
37339,6197482.5
37340,8802564.0
37341,5291358.5
37342,5483173.5
37343,5530792.5
37344,11462616.0
37345,5494214.0
37346,3876380.5
37347,8325438.5
37348,5277758.0
37349,9730870.0
37350,11718358.0
37351,6242797.5
37352,4765173.0
37353,5709331.5
37354,5981571.0
37355,8430970.0
37356,5579480.0
37357,6521898.5
37358,4766567.5
37359,6006619.5
37360,6718544.5
37361,5834093.5
37362,14612938.0
37363,6797334.0
37364,3634277.25
37365,5013632.5
37366,8028957.0
37367,10124472.0
37368,7876045.5
37369,6339183.0
37370,12256246.0
37371,4424828.0
37372,7335681.0
37373,9400844.0
37374,4624622.0
37375,4509884.0
37376,13553556.0
37377,5804876.0
37378,5327366.0
37379,7872465.5
37380,8886132.0
37381,5850903.5
37382,9234810.0
37383,7093425.5
37384,4107646.0
37385,7221019.0
37386,10735510.0
37387,6217981.0
37388,7295455.5
37389,6397038.0
37390,8745000.0
37391,7253603.5
37392,10065346.0
37393,6292725.0
37394,5709191.0
37395,6071810.0
37396,6243839.5
37397,4012047.75
37398,5133691.5
37399,9912794.0
37400,5416715.5
37401,6797708.0
37402,10046968.0
37403,7731034.0
37404,5962262.5
37405,5945468.0
37406,4995898.0
37407,3767212.5
37408,5042673.0
37409,11308738.0
37410,6705592.5
37411,4078657.5
37412,2646480.75
37413,5219860.0
37414,5727733.0
37415,9705444.0
37416,3703702.75
37417,3320166.25
37418,5581338.5
37419,6714432.5
37420,9559636.0
37421,12890532.0
37422,8282538.0
37423,7257025.0
37424,9086030.0
37425,5934365.0
37426,5591181.0
37427,4184730.75
37428,8334023.5
37429,15295066.0
37430,4588683.5
37431,4028807.25
37432,6443247.5
37433,10078466.0
37434,4937895.5
37435,5339294.5
37436,5526127.5
37437,6209043.5
37438,6343770.0
37439,10392660.0
37440,8085202.0
37441,6994840.5
37442,6111635.5
37443,5338907.5
37444,5883346.0
37445,3580994.5
37446,6695646.0
37447,6456381.0
37448,12019202.0
37449,8194656.5
37450,10601504.0
37451,11774518.0
37452,7319785.5
37453,9528184.0
37454,4654577.5
37455,8435462.0
37456,7139827.0
37457,3864648.25
37458,5017257.5
37459,11686726.0
37460,13854746.0
37461,6197116.5
37462,5239671.0
37463,3428079.25
37464,11444096.0
37465,6921087.0
37466,6014541.0
37467,11259514.0
37468,4141517.0
37469,8877386.0
37470,5051347.0
37471,7024041.5
37472,4380122.5
37473,8618306.0
37474,6746122.5
37475,14262564.0
37476,9245530.0
37477,5336501.5
37478,3916685.5
37479,3899342.25
37480,10064166.0
37481,11096824.0
37482,6015587.5
37483,8837896.0
37484,17894002.0
37485,5364038.0
37486,5288586.5
37487,5258106.5
37488,6568348.0
37489,7858377.5
37490,16243392.0
37491,5199877.5
37492,5865311.5
37493,4286205.0
37494,6322381.5
37495,11035962.0
37496,3874577.75
37497,7802766.0
37498,4978645.5
37499,9014634.0
37500,4657630.5
37501,4569139.5
37502,5018403.0
37503,9429022.0
37504,6301850.5
37505,3659038.0
37506,8270355.0
37507,9493580.0
37508,13287818.0
37509,12157614.0
37510,4556175.0
37511,6041384.5
37512,3886523.5
37513,5798692.5
37514,8606586.0
37515,6004252.5
37516,3814328.5
37517,5174578.0
37518,6217758.0
37519,5128780.0
37520,4070416.25
37521,8992700.0
37522,8383806.0
37523,4477631.0
37524,3938206.0
37525,7119962.5
37526,12606216.0
37527,6700280.0
37528,4234926.5
37529,2974127.75
37530,7441500.5
37531,8568838.0
37532,13762634.0
37533,7074724.0
37534,6454724.5
37535,7031535.0
37536,11838202.0
37537,11457410.0
37538,5648887.0
37539,15474954.0
37540,3627301.0
37541,5158765.0
37542,7559493.0
37543,7906333.5
37544,10460328.0
37545,5507166.0
37546,7359583.5
37547,5815886.5
37548,6313108.0
37549,4188157.25
37550,6494762.5
37551,6113130.5
37552,8138251.0
37553,11714664.0
37554,12284736.0
37555,9948832.0
37556,5790017.0
37557,6285683.0
37558,5674756.5
37559,2791518.5
37560,4904998.5
37561,5939855.0
37562,6780391.5
37563,8958118.0
37564,6295279.5
37565,9550620.0
37566,14761000.0
37567,16253648.0
37568,5213848.5
37569,8603970.0
37570,5141172.5
37571,11607628.0
37572,6616582.5
37573,4945432.5
37574,13687188.0
37575,5624524.0
37576,11479980.0
37577,10701258.0
37578,11201936.0
37579,7974698.5
37580,6780748.0
37581,4365344.5
37582,9555842.0
37583,8612330.0
37584,7507198.0
37585,6367205.5
37586,8129951.0
37587,6871665.5
37588,3926366.0
37589,9062412.0
37590,5931740.5
37591,12558940.0
37592,6106812.0
37593,3312606.0
37594,6639405.0
37595,7530666.5
37596,8654086.0
37597,6248169.0
37598,5197197.5
37599,11413086.0
37600,6545754.0
37601,5247300.5
37602,8101560.5
37603,11800794.0
37604,26235192.0
37605,11913122.0
37606,10504230.0
37607,6809658.0
37608,10380968.0
37609,6021561.0
37610,4466262.0
37611,6440889.0
37612,8479310.0
37613,5992610.0
37614,4595591.0
37615,6252719.5
37616,5299360.5
37617,5839019.0
37618,12450956.0
37619,5600952.0
37620,7348807.5
37621,8288782.5
37622,8682154.0
37623,6926859.0
37624,5386523.0
37625,10882478.0
37626,12625732.0
37627,4389807.0
37628,4858086.0
37629,8911590.0
37630,5192124.0
37631,8037492.0
37632,5598291.5
37633,4352539.5
37634,9748184.0
37635,11690998.0
37636,9796192.0
37637,6647593.5
37638,4511976.0
37639,5782506.0
37640,4721780.5
37641,11251170.0
37642,8481072.0
37643,6225634.0
37644,5892006.0
37645,10605280.0
37646,9131766.0
37647,8783144.0
37648,9520694.0
37649,11451340.0
37650,8162402.0
37651,6596397.5
37652,7652222.5
37653,6251138.0
37654,6778564.0
37655,6731099.0
37656,4344812.0
37657,4719027.0
37658,6428140.0
37659,6608559.5
37660,5942320.0
37661,6547609.0
37662,5150743.0
37663,7778738.0
37664,6441048.0
37665,21968276.0
37666,6726842.5
37667,8010473.0
37668,5862654.0
37669,6666908.0
37670,6945497.5
37671,9081258.0
37672,7994363.5
37673,6118948.5
37674,5288383.0
37675,7309643.5
37676,5787033.5
37677,5389630.0
37678,7010566.5
37679,7937204.5
37680,9077574.0
37681,14681386.0
37682,6422554.5
37683,3468114.0
37684,9746510.0
37685,5760496.5
37686,19320062.0
37687,6952876.5
37688,5808392.0
37689,4008858.5
37690,5903268.5
37691,3241322.5
37692,7574066.5
37693,6611717.0
37694,8464220.0
37695,9686028.0
37696,3805907.0
37697,10917120.0
37698,5911606.0
37699,9857152.0
37700,3610673.5
37701,6149326.5
37702,3548352.5
37703,6589029.5
37704,9804986.0
37705,5416751.5
37706,3896163.5
37707,6215955.5
37708,5483168.0
37709,10384602.0
37710,9867872.0
37711,10541386.0
37712,7364183.0
37713,3940268.75
37714,6163947.5
37715,6638426.5
37716,8004866.0
37717,11050834.0
37718,3928691.5
37719,5454848.5
37720,9882152.0
37721,8983530.0
37722,5594633.0
37723,11279068.0
37724,10558098.0
37725,4578554.5
37726,4962661.0
37727,10761256.0
37728,6525142.0
37729,20591846.0
37730,15902494.0
37731,6249843.5
37732,5939763.0
37733,11976930.0
37734,6426907.0
37735,4651187.5
37736,5968030.0
37737,5118831.5
37738,6845992.5
37739,5917399.5
37740,6723266.0
37741,8808588.0
37742,6010702.0
37743,5865736.5
37744,7518630.5
37745,5874057.0
37746,10756446.0
37747,5078711.5
37748,3691955.5
37749,6221573.0
37750,6106356.0
37751,5234900.5
37752,7919674.5
37753,30219658.0
37754,6873197.0
37755,5070783.0
37756,8200065.5
37757,11862834.0
37758,5743205.0
37759,9337732.0
37760,5425588.5
37761,3969164.75
37762,6313750.0
37763,12304884.0
37764,11751664.0
37765,3744650.75
37766,8282469.5
37767,5271062.0
37768,5451554.0
37769,8547458.0
37770,6906039.5
37771,9632138.0
37772,6803792.5
37773,8246724.5
37774,8175663.0
37775,3558809.25
37776,8583822.0
37777,6626658.5
37778,8260399.0
37779,5967321.0
37780,5997875.5
37781,3377697.75
37782,8768902.0
37783,6252965.0
37784,11385164.0
37785,7059962.0
37786,7377000.5
37787,5773835.0
37788,4426705.0
37789,9431980.0
37790,3346327.5
37791,3582881.0
37792,3123760.0
37793,9315044.0
37794,8190171.0
37795,9912140.0
37796,6891719.5
37797,6679269.0
37798,8112046.0
37799,4579208.5
37800,4133885.75
37801,4550945.0
37802,5533183.0
37803,8418504.0
37804,10631758.0
37805,8222009.5
37806,11361800.0
37807,3597503.25
37808,12057564.0
37809,4177633.5
37810,6412253.5
37811,8832558.0
37812,5482240.5
37813,5497650.0
37814,12619670.0
37815,14370716.0
37816,6057049.0
37817,6687537.0
37818,8925836.0
37819,7354785.5
37820,5511474.0
37821,3920777.75
37822,7603337.5
37823,13027520.0
37824,4013943.75
37825,13892016.0
37826,5871453.5
37827,9670076.0
37828,6001894.0
37829,20345642.0
37830,5775246.0
37831,8154090.0
37832,6489267.5
37833,4351170.5
37834,6853560.0
37835,7933645.0
37836,3822634.25
37837,7635484.5
37838,5214828.5
37839,7976208.0
37840,6581056.5
37841,4541431.5
37842,7672412.5
37843,5783156.5
37844,5665143.5
37845,7481398.0
37846,6306866.5
37847,3977698.5
37848,5969112.5
37849,5854799.5
37850,11053664.0
37851,6315007.5
37852,7864969.0
37853,7450334.0
37854,6226637.5
37855,5435776.0
37856,10537816.0
37857,4402660.5
37858,8335535.5
37859,5348210.0
37860,6230396.5
37861,6440595.5
37862,6848216.0
37863,8411392.0
37864,4462496.5
37865,8774048.0
37866,8828040.0
37867,4728002.5
37868,10904532.0
37869,11616822.0
37870,6469441.5
37871,8262749.0
37872,8316663.5
37873,5244714.5
37874,14839200.0
37875,6102536.5
37876,11079912.0
37877,5948709.0
37878,5837694.0
37879,7595276.0
37880,5049506.5
37881,12590480.0
37882,4946117.5
37883,8954684.0
37884,6491197.0
37885,5562552.5
37886,4936011.0
37887,3063755.25
37888,8388852.0
37889,5411889.5
37890,4852437.5
37891,4235107.0
37892,11350166.0
37893,10240452.0
37894,3272005.5
37895,8018404.0
37896,9846280.0
37897,5817882.0
37898,10871344.0
37899,7849891.5
37900,4049861.5
37901,6719464.5
37902,5451726.0
37903,8002458.5
37904,5746534.5
37905,6026999.5
37906,7301304.0
37907,11476992.0
37908,5549385.5
37909,6224460.0
37910,7331582.5
37911,4185048.25
37912,7438293.5
37913,4937733.5
37914,9066268.0
37915,7792218.0
37916,13150846.0
37917,8170680.0
37918,4448200.0
37919,6958572.0
37920,4959864.5
37921,6006233.0
37922,4748082.0
37923,5812919.5
37924,4403445.0
37925,3344296.75
37926,5221702.0
37927,5456944.5
37928,21279190.0
37929,17697210.0
37930,3486006.0
37931,5446189.0
37932,4396209.0
37933,7462135.0
37934,3923184.25
37935,8140802.0
37936,5951904.0
37937,7190125.5
37938,6155526.0
37939,10636672.0
37940,13739812.0
37941,23636060.0
37942,2866624.25
37943,6605391.5
37944,8212747.5
37945,7396035.0
37946,6855610.5
37947,8012946.5
37948,18762498.0
37949,6933474.0
37950,7956350.0
37951,6879168.5
37952,6364272.0
37953,3420993.75
37954,5310052.0
37955,7033201.5
37956,8987646.0
37957,4932052.5
37958,7955435.5
37959,6449855.5
37960,5867053.5
37961,5583769.5
37962,4076436.0
37963,13080466.0
37964,7360192.0
37965,7220748.0
37966,6918441.5
37967,6297781.0
37968,6769314.5
37969,6133439.5
37970,4366094.0
37971,12270322.0
37972,4771092.0
37973,6500847.5
37974,9753340.0
37975,5977906.5
37976,4042770.0
37977,6413193.5
37978,8335715.0
37979,3958216.0
37980,12838628.0
37981,5642532.0
37982,4991851.5
37983,7107950.0
37984,5331668.0
37985,5550146.5
37986,7751178.5
37987,7630731.0
37988,6359929.0
37989,7238130.0
37990,8721844.0
37991,5968200.0
37992,7906627.0
37993,4090345.75
37994,5466169.5
37995,4989935.0
37996,5868339.0
37997,6066781.0
37998,5610927.5
37999,7345445.5
38000,2911029.75
38001,6239601.0
38002,4659073.5
38003,8829860.0
38004,6430122.5
38005,9263168.0
38006,5232902.0
38007,4133994.75
38008,5224716.0
38009,7247664.5
38010,6700565.5
38011,11228274.0
38012,8108110.0
38013,6953876.0
38014,6377208.5
38015,4730840.0
38016,7424027.5
38017,6341366.0
38018,8530838.0
38019,12465404.0
38020,5148707.0
38021,10279248.0
38022,5007828.5
38023,10457278.0
38024,8082943.5
38025,8935348.0
38026,6715840.0
38027,11283142.0
38028,8145165.0
38029,9354202.0
38030,4677355.0
38031,11092750.0
38032,5904138.0
38033,8313045.5
38034,7997028.5
38035,4830325.0
38036,6541552.5
38037,6070354.0
38038,7418177.0
38039,4870309.5
38040,5555436.0
38041,7197231.0
38042,8261049.5
38043,9718782.0
38044,11521728.0
38045,6222178.5
38046,7045304.5
38047,6458841.5
38048,6021113.5
38049,7474688.5
38050,3605710.25
38051,7086159.0
38052,14726682.0
38053,9844890.0
38054,8972846.0
38055,8702434.0
38056,9015766.0
38057,3277114.75
38058,3638542.75
38059,8159006.0
38060,7487430.5
38061,6132140.0
38062,4407163.0
38063,10022388.0
38064,9391824.0
38065,8518690.0
38066,7001527.5
38067,3764562.25
38068,12864424.0
38069,7046675.0
38070,6342820.5
38071,6454587.0
38072,11396628.0
38073,7295493.5
38074,6268350.0
38075,11486552.0
38076,6023985.0
38077,6716960.5
38078,8581868.0
38079,4624637.5
38080,5602363.0
38081,16248508.0
38082,5869805.0
38083,7024368.0
38084,3801951.0
38085,9092464.0
38086,4095601.75
38087,9889334.0
38088,5230374.0
38089,5972491.0
38090,4258023.0
38091,11813196.0
38092,12960924.0
38093,6282633.0
38094,7437118.0
38095,9817332.0
38096,3826540.5
38097,8985458.0
38098,4127850.75
38099,7671686.5
38100,5099088.0
38101,6371638.5
38102,8638082.0
38103,13165616.0
38104,10388072.0
38105,6372261.5
38106,7039284.5
38107,3118368.75
38108,11083678.0
38109,5301987.0
38110,6094845.5
38111,4402417.5
38112,3845620.75
38113,7466001.0
38114,6551716.5
38115,3454424.25
38116,6802918.5
38117,7304275.5
38118,5775802.0
38119,3738913.0
38120,6656817.5
38121,5373349.0
38122,4448690.5
38123,4136709.0
38124,6021681.5
38125,8777648.0
38126,8210813.5
38127,3001735.25
38128,2607619.5
38129,3401107.5
38130,4565053.5
38131,8283298.5
38132,4597465.0
38133,3498274.0
38134,5201565.0
38135,8252855.0
